Denmark, Life tables (cohort 1x10), Males	Last modified: 23 Apr 2018;  Methods Protocol: v6 (2017)

  Year          Age         mx       qx    ax      lx      dx      Lx       Tx     ex
1835-1839        0      0.22647  0.19545  0.30  100000   19545   86301  4291156  42.91
1835-1839        1      0.04496  0.04391  0.47   80455    3533   78580  4204854  52.26
1835-1839        2      0.03110  0.03063  0.50   76922    2356   75737  4126275  53.64
1835-1839        3      0.01715  0.01700  0.49   74566    1268   73925  4050538  54.32
1835-1839        4      0.00893  0.00889  0.49   73298     651   72969  3976613  54.25
1835-1839        5      0.00754  0.00751  0.50   72647     546   72374  3903644  53.73
1835-1839        6      0.00739  0.00736  0.50   72101     531   71837  3831271  53.14
1835-1839        7      0.00734  0.00731  0.50   71571     523   71311  3759434  52.53
1835-1839        8      0.00712  0.00710  0.51   71047     504   70799  3688123  51.91
1835-1839        9      0.00680  0.00678  0.51   70543     478   70308  3617324  51.28
1835-1839       10      0.00629  0.00627  0.51   70065     440   69848  3547016  50.62
1835-1839       11      0.00555  0.00554  0.50   69626     385   69434  3477168  49.94
1835-1839       12      0.00494  0.00493  0.50   69240     341   69071  3407734  49.22
1835-1839       13      0.00450  0.00449  0.50   68899     309   68745  3338663  48.46
1835-1839       14      0.00432  0.00431  0.51   68589     295   68444  3269918  47.67
1835-1839       15      0.00450  0.00450  0.51   68294     307   68144  3201474  46.88
1835-1839       16      0.00477  0.00476  0.51   67987     323   67828  3133330  46.09
1835-1839       17      0.00506  0.00505  0.51   67664     341   67495  3065503  45.31
1835-1839       18      0.00553  0.00552  0.51   67322     372   67139  2998008  44.53
1835-1839       19      0.00621  0.00619  0.51   66951     414   66747  2930869  43.78
1835-1839       20      0.00690  0.00688  0.50   66536     458   66306  2864122  43.05
1835-1839       21      0.00730  0.00727  0.50   66079     480   65838  2797816  42.34
1835-1839       22      0.00734  0.00731  0.49   65598     480   65355  2731978  41.65
1835-1839       23      0.00709  0.00707  0.50   65118     460   64887  2666623  40.95
1835-1839       24      0.00773  0.00770  0.51   64658     498   64417  2601736  40.24
1835-1839       25      0.00850  0.00847  0.50   64161     543   63889  2537319  39.55
1835-1839       26      0.00836  0.00832  0.50   63617     529   63352  2473431  38.88
1835-1839       27      0.00812  0.00809  0.50   63088     510   62831  2410079  38.20
1835-1839       28      0.00787  0.00784  0.50   62578     490   62331  2347248  37.51
1835-1839       29      0.00734  0.00732  0.49   62087     454   61854  2284917  36.80
1835-1839       30      0.00703  0.00701  0.50   61633     432   61415  2223063  36.07
1835-1839       31      0.00707  0.00704  0.50   61201     431   60984  2161647  35.32
1835-1839       32      0.00726  0.00723  0.50   60770     439   60550  2100663  34.57
1835-1839       33      0.00742  0.00739  0.49   60331     446   60105  2040113  33.82
1835-1839       34      0.00784  0.00781  0.50   59885     468   59651  1980007  33.06
1835-1839       35      0.00859  0.00856  0.50   59417     508   59165  1920356  32.32
1835-1839       36      0.00896  0.00892  0.50   58909     525   58645  1861191  31.59
1835-1839       37      0.00895  0.00891  0.50   58383     520   58123  1802546  30.87
1835-1839       38      0.00904  0.00900  0.50   57863     521   57603  1744422  30.15
1835-1839       39      0.00939  0.00935  0.50   57342     536   57075  1686819  29.42
1835-1839       40      0.00980  0.00975  0.50   56806     554   56531  1629744  28.69
1835-1839       41      0.01013  0.01008  0.50   56253     567   55971  1573213  27.97
1835-1839       42      0.01037  0.01032  0.50   55686     574   55400  1517242  27.25
1835-1839       43      0.01068  0.01063  0.50   55111     586   54821  1461842  26.53
1835-1839       44      0.01122  0.01115  0.50   54526     608   54223  1407022  25.80
1835-1839       45      0.01168  0.01161  0.50   53917     626   53607  1352798  25.09
1835-1839       46      0.01215  0.01208  0.50   53291     644   52972  1299191  24.38
1835-1839       47      0.01269  0.01261  0.51   52648     664   52319  1246219  23.67
1835-1839       48      0.01325  0.01316  0.50   51984     684   51644  1193900  22.97
1835-1839       49      0.01391  0.01382  0.51   51300     709   50949  1142256  22.27
1835-1839       50      0.01483  0.01472  0.50   50591     745   50222  1091307  21.57
1835-1839       51      0.01567  0.01555  0.51   49846     775   49462  1041085  20.89
1835-1839       52      0.01670  0.01656  0.51   49071     813   48670   991623  20.21
1835-1839       53      0.01779  0.01763  0.51   48258     851   47837   942953  19.54
1835-1839       54      0.01891  0.01874  0.50   47407     888   46967   895116  18.88
1835-1839       55      0.02013  0.01993  0.50   46519     927   46059   848148  18.23
1835-1839       56      0.02084  0.02063  0.50   45592     941   45124   802090  17.59
1835-1839       57      0.02158  0.02135  0.50   44651     953   44179   756965  16.95
1835-1839       58      0.02217  0.02192  0.50   43698     958   43220   712787  16.31
1835-1839       59      0.02360  0.02333  0.51   42740     997   42249   669566  15.67
1835-1839       60      0.02624  0.02590  0.51   41743    1081   41210   627317  15.03
1835-1839       61      0.02842  0.02802  0.51   40662    1140   40098   586107  14.41
1835-1839       62      0.02994  0.02950  0.50   39522    1166   38943   546009  13.82
1835-1839       63      0.03148  0.03100  0.50   38356    1189   37768   507066  13.22
1835-1839       64      0.03397  0.03341  0.50   37167    1242   36552   469298  12.63
1835-1839       65      0.03747  0.03679  0.51   35926    1322   35272   432746  12.05
1835-1839       66      0.04073  0.03993  0.51   34604    1382   33921   397474  11.49
1835-1839       67      0.04403  0.04310  0.51   33222    1432   32515   363553  10.94
1835-1839       68      0.04713  0.04606  0.50   31790    1464   31065   331038  10.41
1835-1839       69      0.05085  0.04960  0.51   30326    1504   29583   299973   9.89
1835-1839       70      0.05534  0.05387  0.51   28822    1553   28054   270390   9.38
1835-1839       71      0.06017  0.05844  0.51   27269    1594   26484   242336   8.89
1835-1839       72      0.06524  0.06320  0.51   25676    1623   24874   215852   8.41
1835-1839       73      0.06962  0.06730  0.50   24053    1619   23251   190978   7.94
1835-1839       74      0.07588  0.07314  0.51   22434    1641   21625   167728   7.48
1835-1839       75      0.08571  0.08224  0.51   20793    1710   19952   146103   7.03
1835-1839       76      0.09499  0.09073  0.51   19083    1731   18228   126151   6.61
1835-1839       77      0.10539  0.10018  0.51   17352    1738   16493   107923   6.22
1835-1839       78      0.11142  0.10556  0.50   15613    1648   14792    91429   5.86
1835-1839       79      0.12507  0.11776  0.50   13965    1645   13149    76637   5.49
1835-1839       80      0.13529  0.12679  0.50   12321    1562   11546    63488   5.15
1835-1839       81      0.14411  0.13449  0.50   10759    1447   10040    51942   4.83
1835-1839       82      0.15730  0.14597  0.51    9312    1359    8641    41902   4.50
1835-1839       83      0.18249  0.16757  0.51    7952    1333    7302    33261   4.18
1835-1839       84      0.19547  0.17842  0.51    6620    1181    6043    25958   3.92
1835-1839       85      0.21596  0.19478  0.50    5439    1059    4905    19916   3.66
1835-1839       86      0.22684  0.20365  0.50    4379     892    3932    15011   3.43
1835-1839       87      0.25387  0.22592  0.51    3488     788    3104    11079   3.18
1835-1839       88      0.29594  0.25736  0.49    2700     695    2348     7975   2.95
1835-1839       89      0.31066  0.26924  0.50    2005     540    1738     5628   2.81
1835-1839       90      0.31288  0.26999  0.49    1465     396    1264     3890   2.66
1835-1839       91      0.37249  0.31458  0.51    1070     336     903     2626   2.46
1835-1839       92      0.39360  0.32837  0.50     733     241     612     1723   2.35
1835-1839       93      0.38309  0.32192  0.50     492     159     414     1111   2.26
1835-1839       94      0.45040  0.37045  0.52     334     124     275      697   2.09
1835-1839       95      0.44876  0.36764  0.51     210      77     172      423   2.01
1835-1839       96      0.53893  0.42145  0.48     133      56     104      250   1.88
1835-1839       97      0.44419  0.36423  0.51      77      28      63      147   1.91
1835-1839       98      0.52561  0.41486  0.49      49      20      39       83   1.71
1835-1839       99      0.45292  0.37137  0.52      29      11      23       45   1.57
1835-1839      100      0.71537  0.52417  0.49      18       9      13       21   1.19
1835-1839      101      1.01157  0.65801  0.47       9       6       6        8   0.96
1835-1839      102      0.86213  0.57096  0.41       3       2       2        3   0.92
1835-1839      103      1.69565  1.00000  0.59       1       1       1        1   0.59
1835-1839      104            .        .     .       0       0       0        0      .
1835-1839      105            .        .     .       0       0       0        0      .
1835-1839      106            .        .     .       0       0       0        0      .
1835-1839      107            .        .     .       0       0       0        0      .
1835-1839      108            .        .     .       0       0       0        0      .
1835-1839      109            .        .     .       0       0       0        0      .
1835-1839      110+           .        .     .       0       0       0        0      .
1840-1849        0      0.23729  0.20346  0.30  100000   20346   85740  4289978  42.90
1840-1849        1      0.04083  0.03997  0.47   79654    3184   77973  4204238  52.78
1840-1849        2      0.02807  0.02768  0.50   76471    2116   75407  4126266  53.96
1840-1849        3      0.01817  0.01801  0.50   74354    1339   73688  4050859  54.48
1840-1849        4      0.01275  0.01267  0.50   73015     925   72554  3977171  54.47
1840-1849        5      0.01084  0.01079  0.50   72090     778   71701  3904618  54.16
1840-1849        6      0.00959  0.00955  0.50   71312     681   70972  3832917  53.75
1840-1849        7      0.00846  0.00842  0.50   70632     595   70335  3761944  53.26
1840-1849        8      0.00766  0.00763  0.51   70037     534   69773  3691609  52.71
1840-1849        9      0.00689  0.00687  0.50   69502     477   69263  3621837  52.11
1840-1849       10      0.00605  0.00603  0.50   69025     416   68818  3552574  51.47
1840-1849       11      0.00550  0.00549  0.50   68609     377   68422  3483756  50.78
1840-1849       12      0.00512  0.00510  0.50   68232     348   68059  3415333  50.05
1840-1849       13      0.00475  0.00474  0.50   67884     321   67724  3347274  49.31
1840-1849       14      0.00463  0.00462  0.50   67563     312   67408  3279550  48.54
1840-1849       15      0.00472  0.00471  0.51   67251     317   67095  3212142  47.76
1840-1849       16      0.00500  0.00498  0.51   66934     334   66770  3145047  46.99
1840-1849       17      0.00534  0.00532  0.51   66600     355   66425  3078277  46.22
1840-1849       18      0.00576  0.00574  0.51   66246     381   66058  3011852  45.46
1840-1849       19      0.00628  0.00626  0.50   65865     412   65661  2945795  44.72
1840-1849       20      0.00696  0.00693  0.50   65453     454   65225  2880134  44.00
1840-1849       21      0.00761  0.00758  0.50   64999     493   64752  2814909  43.31
1840-1849       22      0.00804  0.00801  0.50   64506     516   64248  2750156  42.63
1840-1849       23      0.00823  0.00820  0.50   63990     525   63727  2685909  41.97
1840-1849       24      0.00782  0.00779  0.49   63465     494   63214  2622182  41.32
1840-1849       25      0.00712  0.00709  0.50   62971     447   62746  2558968  40.64
1840-1849       26      0.00678  0.00676  0.50   62525     423   62312  2496221  39.92
1840-1849       27      0.00654  0.00652  0.50   62102     405   61898  2433910  39.19
1840-1849       28      0.00646  0.00644  0.50   61697     397   61497  2372012  38.45
1840-1849       29      0.00643  0.00641  0.50   61300     393   61102  2310515  37.69
1840-1849       30      0.00656  0.00654  0.50   60907     398   60708  2249413  36.93
1840-1849       31      0.00677  0.00675  0.50   60509     408   60304  2188705  36.17
1840-1849       32      0.00696  0.00694  0.50   60101     417   59891  2128401  35.41
1840-1849       33      0.00722  0.00719  0.50   59684     429   59469  2068510  34.66
1840-1849       34      0.00740  0.00738  0.50   59254     437   59035  2009042  33.91
1840-1849       35      0.00751  0.00748  0.50   58817     440   58598  1950007  33.15
1840-1849       36      0.00769  0.00766  0.50   58378     447   58155  1891409  32.40
1840-1849       37      0.00796  0.00793  0.50   57930     459   57701  1833255  31.65
1840-1849       38      0.00831  0.00827  0.50   57471     475   57234  1775553  30.89
1840-1849       39      0.00862  0.00858  0.50   56996     489   56752  1718319  30.15
1840-1849       40      0.00888  0.00885  0.50   56507     500   56258  1661567  29.40
1840-1849       41      0.00915  0.00910  0.50   56007     510   55754  1605309  28.66
1840-1849       42      0.00950  0.00946  0.50   55497     525   55236  1549556  27.92
1840-1849       43      0.00988  0.00983  0.50   54972     541   54703  1494320  27.18
1840-1849       44      0.01028  0.01023  0.50   54431     557   54154  1439616  26.45
1840-1849       45      0.01074  0.01069  0.50   53875     576   53588  1385462  25.72
1840-1849       46      0.01125  0.01119  0.50   53299     596   53003  1331874  24.99
1840-1849       47      0.01186  0.01179  0.50   52702     621   52394  1278871  24.27
1840-1849       48      0.01246  0.01238  0.50   52081     645   51761  1226477  23.55
1840-1849       49      0.01318  0.01310  0.50   51436     674   51103  1174716  22.84
1840-1849       50      0.01394  0.01385  0.50   50762     703   50414  1123613  22.13
1840-1849       51      0.01473  0.01463  0.50   50060     732   49697  1073199  21.44
1840-1849       52      0.01548  0.01536  0.50   49327     758   48951  1023503  20.75
1840-1849       53      0.01629  0.01616  0.50   48570     785   48180   974552  20.07
1840-1849       54      0.01716  0.01702  0.50   47785     813   47381   926372  19.39
1840-1849       55      0.01820  0.01803  0.50   46972     847   46551   878991  18.71
1840-1849       56      0.01940  0.01922  0.50   46125     886   45685   832439  18.05
1840-1849       57      0.02071  0.02050  0.50   45238     928   44778   786755  17.39
1840-1849       58      0.02219  0.02195  0.50   44311     973   43829   741976  16.74
1840-1849       59      0.02349  0.02322  0.50   43338    1006   42838   698148  16.11
1840-1849       60      0.02445  0.02415  0.50   42331    1023   41824   655310  15.48
1840-1849       61      0.02597  0.02564  0.50   41309    1059   40784   613486  14.85
1840-1849       62      0.02791  0.02753  0.50   40250    1108   39701   572702  14.23
1840-1849       63      0.03006  0.02962  0.50   39142    1159   38567   533001  13.62
1840-1849       64      0.03242  0.03190  0.50   37982    1212   37382   494435  13.02
1840-1849       65      0.03476  0.03417  0.50   36771    1256   36147   457053  12.43
1840-1849       66      0.03742  0.03674  0.51   35514    1305   34869   420906  11.85
1840-1849       67      0.04038  0.03959  0.50   34209    1354   33538   386037  11.28
1840-1849       68      0.04380  0.04287  0.50   32855    1408   32154   352500  10.73
1840-1849       69      0.04650  0.04545  0.50   31447    1429   30735   320345  10.19
1840-1849       70      0.05008  0.04886  0.50   30017    1467   29290   289611   9.65
1840-1849       71      0.05483  0.05338  0.50   28551    1524   27794   260321   9.12
1840-1849       72      0.06052  0.05876  0.50   27027    1588   26239   232527   8.60
1840-1849       73      0.06589  0.06381  0.50   25439    1623   24635   206288   8.11
1840-1849       74      0.07200  0.06952  0.51   23815    1656   22996   181653   7.63
1840-1849       75      0.08102  0.07790  0.51   22160    1726   21307   158657   7.16
1840-1849       76      0.08615  0.08263  0.50   20433    1688   19597   137350   6.72
1840-1849       77      0.09653  0.09214  0.51   18745    1727   17891   117753   6.28
1840-1849       78      0.10675  0.10139  0.50   17018    1725   16163    99862   5.87
1840-1849       79      0.12236  0.11542  0.51   15292    1765   14425    83698   5.47
1840-1849       80      0.13513  0.12665  0.50   13527    1713   12678    69273   5.12
1840-1849       81      0.14639  0.13658  0.51   11814    1614   11023    56595   4.79
1840-1849       82      0.16808  0.15516  0.50   10201    1583    9417    45572   4.47
1840-1849       83      0.18237  0.16737  0.51    8618    1442    7909    36156   4.20
1840-1849       84      0.19318  0.17627  0.50    7175    1265    6547    28246   3.94
1840-1849       85      0.21347  0.19310  0.51    5911    1141    5347    21699   3.67
1840-1849       86      0.24130  0.21562  0.51    4769    1028    4262    16352   3.43
1840-1849       87      0.25123  0.22317  0.50    3741     835    3323    12091   3.23
1840-1849       88      0.27313  0.24015  0.50    2906     698    2555     8768   3.02
1840-1849       89      0.29632  0.25809  0.50    2208     570    1923     6213   2.81
1840-1849       90      0.32728  0.28078  0.49    1638     460    1405     4289   2.62
1840-1849       91      0.35947  0.30475  0.50    1178     359     999     2884   2.45
1840-1849       92      0.38005  0.32035  0.51     819     262     691     1885   2.30
1840-1849       93      0.43028  0.35475  0.51     557     198     459     1194   2.15
1840-1849       94      0.43687  0.36123  0.52     359     130     297      735   2.05
1840-1849       95      0.44727  0.36326  0.48     229      83     186      438   1.91
1840-1849       96      0.51806  0.40836  0.48     146      60     115      252   1.72
1840-1849       97      0.63259  0.47664  0.48      86      41      65      137   1.58
1840-1849       98      0.47034  0.37681  0.47      45      17      36       72   1.58
1840-1849       99      0.61938  0.47027  0.49      28      13      21       35   1.25
1840-1849      100      1.09882  0.68865  0.46      15      10       9       14   0.93
1840-1849      101      1.03229  0.69450  0.53       5       3       3        5   0.98
1840-1849      102      0.85714  0.66667  0.67       1       1       1        1   1.00
1840-1849      103      1.50000  1.00000  0.67       0       0       0        0   0.67
1840-1849      104            .        .     .       0       0       0        0      .
1840-1849      105            .        .     .       0       0       0        0      .
1840-1849      106            .        .     .       0       0       0        0      .
1840-1849      107            .        .     .       0       0       0        0      .
1840-1849      108            .        .     .       0       0       0        0      .
1840-1849      109            .        .     .       0       0       0        0      .
1840-1849      110+           .        .     .       0       0       0        0      .
1850-1859        0      0.19234  0.16949  0.30  100000   16949   88120  4473960  44.74
1850-1859        1      0.04175  0.04086  0.47   83051    3393   81270  4385840  52.81
1850-1859        2      0.02637  0.02602  0.50   79658    2073   78612  4304570  54.04
1850-1859        3      0.01987  0.01967  0.50   77585    1526   76816  4225959  54.47
1850-1859        4      0.01533  0.01521  0.50   76059    1157   75482  4149143  54.55
1850-1859        5      0.01345  0.01336  0.51   74902    1001   74409  4073660  54.39
1850-1859        6      0.01243  0.01235  0.50   73901     913   73448  3999252  54.12
1850-1859        7      0.01081  0.01075  0.50   72988     785   72595  3925804  53.79
1850-1859        8      0.00889  0.00885  0.49   72204     639   71880  3853209  53.37
1850-1859        9      0.00755  0.00752  0.50   71564     538   71295  3781329  52.84
1850-1859       10      0.00673  0.00671  0.50   71026     476   70789  3710034  52.23
1850-1859       11      0.00601  0.00599  0.50   70550     423   70339  3639245  51.58
1850-1859       12      0.00545  0.00544  0.50   70127     382   69937  3568906  50.89
1850-1859       13      0.00507  0.00506  0.50   69745     353   69570  3498969  50.17
1850-1859       14      0.00481  0.00480  0.50   69393     333   69226  3429399  49.42
1850-1859       15      0.00470  0.00469  0.50   69059     324   68898  3360173  48.66
1850-1859       16      0.00479  0.00477  0.50   68736     328   68573  3291275  47.88
1850-1859       17      0.00511  0.00510  0.51   68407     349   68235  3222702  47.11
1850-1859       18      0.00550  0.00549  0.50   68059     373   67874  3154467  46.35
1850-1859       19      0.00602  0.00600  0.51   67685     406   67485  3086593  45.60
1850-1859       20      0.00666  0.00664  0.50   67279     447   67055  3019108  44.87
1850-1859       21      0.00715  0.00713  0.50   66832     476   66594  2952053  44.17
1850-1859       22      0.00743  0.00741  0.50   66356     491   66110  2885459  43.48
1850-1859       23      0.00750  0.00748  0.50   65865     492   65618  2819350  42.81
1850-1859       24      0.00727  0.00724  0.50   65372     474   65134  2753732  42.12
1850-1859       25      0.00675  0.00673  0.50   64899     437   64678  2688598  41.43
1850-1859       26      0.00633  0.00631  0.50   64462     407   64257  2623919  40.70
1850-1859       27      0.00609  0.00607  0.50   64055     389   63859  2559662  39.96
1850-1859       28      0.00600  0.00598  0.50   63666     381   63474  2495803  39.20
1850-1859       29      0.00606  0.00604  0.50   63285     382   63093  2432328  38.43
1850-1859       30      0.00619  0.00617  0.50   62903     388   62708  2369236  37.66
1850-1859       31      0.00644  0.00642  0.50   62515     401   62314  2306528  36.90
1850-1859       32      0.00673  0.00671  0.50   62113     417   61904  2244214  36.13
1850-1859       33      0.00695  0.00693  0.50   61697     428   61482  2182309  35.37
1850-1859       34      0.00719  0.00716  0.50   61269     439   61049  2120827  34.61
1850-1859       35      0.00743  0.00741  0.50   60830     451   60605  2059778  33.86
1850-1859       36      0.00767  0.00764  0.50   60380     461   60150  1999173  33.11
1850-1859       37      0.00790  0.00787  0.50   59918     472   59683  1939023  32.36
1850-1859       38      0.00803  0.00799  0.50   59447     475   59209  1879340  31.61
1850-1859       39      0.00812  0.00809  0.50   58971     477   58733  1820131  30.86
1850-1859       40      0.00838  0.00834  0.50   58494     488   58252  1761398  30.11
1850-1859       41      0.00875  0.00871  0.50   58006     505   57755  1703146  29.36
1850-1859       42      0.00912  0.00907  0.50   57501     522   57242  1645391  28.61
1850-1859       43      0.00949  0.00944  0.50   56980     538   56712  1588148  27.87
1850-1859       44      0.00987  0.00983  0.50   56441     555   56166  1531437  27.13
1850-1859       45      0.01027  0.01021  0.50   55887     571   55604  1475271  26.40
1850-1859       46      0.01072  0.01067  0.50   55316     590   55023  1419667  25.66
1850-1859       47      0.01119  0.01113  0.50   54726     609   54424  1364644  24.94
1850-1859       48      0.01169  0.01162  0.50   54117     629   53805  1310220  24.21
1850-1859       49      0.01214  0.01207  0.50   53488     645   53167  1256415  23.49
1850-1859       50      0.01257  0.01249  0.50   52843     660   52514  1203247  22.77
1850-1859       51      0.01311  0.01303  0.50   52183     680   51845  1150733  22.05
1850-1859       52      0.01380  0.01371  0.50   51503     706   51152  1098889  21.34
1850-1859       53      0.01457  0.01447  0.50   50797     735   50431  1047737  20.63
1850-1859       54      0.01552  0.01540  0.50   50062     771   49679   997305  19.92
1850-1859       55      0.01660  0.01646  0.50   49291     811   48888   947626  19.23
1850-1859       56      0.01771  0.01756  0.50   48479     851   48057   898738  18.54
1850-1859       57      0.01893  0.01875  0.50   47628     893   47184   850682  17.86
1850-1859       58      0.01979  0.01960  0.50   46735     916   46278   803498  17.19
1850-1859       59      0.02127  0.02105  0.50   45820     965   45338   757220  16.53
1850-1859       60      0.02196  0.02172  0.50   44855     974   44369   711883  15.87
1850-1859       61      0.02347  0.02320  0.50   43881    1018   43374   667513  15.21
1850-1859       62      0.02483  0.02453  0.50   42863    1051   42342   624140  14.56
1850-1859       63      0.02727  0.02691  0.50   41811    1125   41253   581798  13.91
1850-1859       64      0.02936  0.02894  0.51   40686    1178   40104   540544  13.29
1850-1859       65      0.03175  0.03126  0.51   39509    1235   38898   500440  12.67
1850-1859       66      0.03364  0.03309  0.51   38274    1266   37648   461542  12.06
1850-1859       67      0.03555  0.03493  0.50   37007    1293   36363   423894  11.45
1850-1859       68      0.04020  0.03942  0.51   35714    1408   35021   387531  10.85
1850-1859       69      0.04412  0.04317  0.50   34307    1481   33571   352510  10.28
1850-1859       70      0.04728  0.04619  0.50   32825    1516   32071   318938   9.72
1850-1859       71      0.05277  0.05142  0.50   31309    1610   30507   286867   9.16
1850-1859       72      0.05907  0.05739  0.51   29699    1704   28857   256360   8.63
1850-1859       73      0.06631  0.06420  0.50   27995    1797   27102   227503   8.13
1850-1859       74      0.07273  0.07020  0.50   26198    1839   25286   200401   7.65
1850-1859       75      0.08124  0.07807  0.50   24358    1902   23411   175115   7.19
1850-1859       76      0.09099  0.08709  0.51   22457    1956   21495   151704   6.76
1850-1859       77      0.09968  0.09504  0.51   20501    1948   19546   130209   6.35
1850-1859       78      0.10908  0.10352  0.51   18553    1920   17606   110664   5.96
1850-1859       79      0.11749  0.11106  0.51   16632    1847   15721    93057   5.60
1850-1859       80      0.13316  0.12492  0.50   14785    1847   13869    77336   5.23
1850-1859       81      0.14791  0.13787  0.51   12938    1784   12060    63467   4.91
1850-1859       82      0.16384  0.15154  0.50   11154    1690   10317    51407   4.61
1850-1859       83      0.17516  0.16109  0.50    9464    1525    8704    41089   4.34
1850-1859       84      0.19001  0.17373  0.51    7939    1379    7259    32385   4.08
1850-1859       85      0.20431  0.18557  0.51    6560    1217    5959    25126   3.83
1850-1859       86      0.22534  0.20268  0.50    5343    1083    4805    19168   3.59
1850-1859       87      0.24645  0.21980  0.51    4260     936    3799    14362   3.37
1850-1859       88      0.26335  0.23275  0.50    3324     774    2937    10563   3.18
1850-1859       89      0.28993  0.25380  0.51    2550     647    2232     7626   2.99
1850-1859       90      0.29661  0.25907  0.51    1903     493    1662     5394   2.83
1850-1859       91      0.33633  0.28827  0.50    1410     406    1208     3732   2.65
1850-1859       92      0.35689  0.30175  0.49    1003     303     848     2523   2.51
1850-1859       93      0.37400  0.31479  0.50     701     221     590     1675   2.39
1850-1859       94      0.41208  0.34077  0.49     480     164     397     1085   2.26
1850-1859       95      0.44621  0.36671  0.51     316     116     260      688   2.17
1850-1859       96      0.38043  0.31838  0.49     200      64     168      428   2.14
1850-1859       97      0.49347  0.39498  0.49     137      54     109      260   1.91
1850-1859       98      0.47537  0.38342  0.50      83      32      67      151   1.83
1850-1859       99      0.41695  0.34454  0.50      51      18      42       84   1.66
1850-1859      100      0.77193  0.56410  0.52      33      19      24       42   1.26
1850-1859      101      1.00000  0.64706  0.45      15       9       9       18   1.23
1850-1859      102      0.42857  0.33333  0.33       5       2       4        8   1.64
1850-1859      103      0.70588  0.50000  0.42       3       2       2        4   1.29
1850-1859      104      0.75000  0.50000  0.33       2       1       1        2   1.17
1850-1859      105      0.60000  0.50000  0.67       1       0       1        1   1.00
1850-1859      106      3.00000  1.00000  0.33       0       0       0        0   0.33
1850-1859      107            .        .     .       0       0       0        0      .
1850-1859      108            .        .     .       0       0       0        0      .
1850-1859      109            .        .     .       0       0       0        0      .
1850-1859      110+           .        .     .       0       0       0        0      .
1860-1869        0      0.16244  0.14583  0.30  100000   14583   89778  4735256  47.35
1860-1869        1      0.04410  0.04310  0.47   85417    3681   83483  4645478  54.39
1860-1869        2      0.02676  0.02641  0.50   81735    2158   80648  4561994  55.81
1860-1869        3      0.02098  0.02076  0.50   79577    1652   78743  4481346  56.31
1860-1869        4      0.01566  0.01553  0.49   77925    1210   77310  4402603  56.50
1860-1869        5      0.01210  0.01202  0.49   76714     922   76245  4325293  56.38
1860-1869        6      0.00958  0.00954  0.49   75792     723   75426  4249048  56.06
1860-1869        7      0.00798  0.00795  0.50   75069     597   74769  4173622  55.60
1860-1869        8      0.00692  0.00689  0.50   74472     513   74215  4098853  55.04
1860-1869        9      0.00599  0.00597  0.50   73959     442   73737  4024638  54.42
1860-1869       10      0.00538  0.00537  0.51   73517     395   73322  3950901  53.74
1860-1869       11      0.00496  0.00495  0.50   73123     362   72943  3877579  53.03
1860-1869       12      0.00459  0.00458  0.50   72761     333   72595  3804636  52.29
1860-1869       13      0.00438  0.00437  0.50   72428     316   72271  3732040  51.53
1860-1869       14      0.00431  0.00430  0.50   72112     310   71957  3659770  50.75
1860-1869       15      0.00441  0.00440  0.51   71802     316   71646  3587812  49.97
1860-1869       16      0.00459  0.00458  0.50   71486     327   71323  3516167  49.19
1860-1869       17      0.00482  0.00481  0.50   71158     342   70989  3444843  48.41
1860-1869       18      0.00530  0.00529  0.51   70816     375   70631  3373854  47.64
1860-1869       19      0.00594  0.00592  0.51   70441     417   70235  3303223  46.89
1860-1869       20      0.00657  0.00655  0.50   70024     458   69794  3232988  46.17
1860-1869       21      0.00699  0.00696  0.50   69566     485   69322  3163194  45.47
1860-1869       22      0.00713  0.00710  0.50   69081     490   68835  3093871  44.79
1860-1869       23      0.00702  0.00700  0.50   68591     480   68349  3025036  44.10
1860-1869       24      0.00674  0.00672  0.50   68110     458   67881  2956687  43.41
1860-1869       25      0.00637  0.00635  0.50   67653     430   67437  2888806  42.70
1860-1869       26      0.00599  0.00597  0.50   67223     401   67021  2821370  41.97
1860-1869       27      0.00569  0.00568  0.50   66822     379   66631  2754349  41.22
1860-1869       28      0.00554  0.00553  0.50   66443     367   66257  2687718  40.45
1860-1869       29      0.00557  0.00556  0.50   66075     367   65891  2621461  39.67
1860-1869       30      0.00577  0.00575  0.50   65708     378   65519  2555571  38.89
1860-1869       31      0.00594  0.00593  0.50   65330     387   65136  2490052  38.11
1860-1869       32      0.00610  0.00608  0.50   64943     395   64745  2424916  37.34
1860-1869       33      0.00626  0.00624  0.50   64548     403   64346  2360171  36.56
1860-1869       34      0.00636  0.00634  0.50   64145     407   63941  2295825  35.79
1860-1869       35      0.00642  0.00640  0.50   63739     408   63535  2231884  35.02
1860-1869       36      0.00655  0.00653  0.50   63331     413   63124  2168349  34.24
1860-1869       37      0.00664  0.00662  0.50   62917     417   62709  2105224  33.46
1860-1869       38      0.00684  0.00681  0.50   62501     426   62288  2042516  32.68
1860-1869       39      0.00715  0.00713  0.50   62075     442   61854  1980227  31.90
1860-1869       40      0.00745  0.00742  0.50   61633     457   61405  1918373  31.13
1860-1869       41      0.00772  0.00769  0.50   61175     470   60941  1856968  30.35
1860-1869       42      0.00794  0.00791  0.50   60705     480   60465  1796027  29.59
1860-1869       43      0.00817  0.00814  0.50   60224     490   59980  1735562  28.82
1860-1869       44      0.00845  0.00842  0.50   59734     503   59484  1675582  28.05
1860-1869       45      0.00894  0.00890  0.50   59231     527   58970  1616098  27.28
1860-1869       46      0.00935  0.00931  0.50   58704     546   58433  1557127  26.52
1860-1869       47      0.00984  0.00979  0.50   58158     569   57874  1498694  25.77
1860-1869       48      0.01017  0.01012  0.50   57589     583   57299  1440820  25.02
1860-1869       49      0.01055  0.01049  0.50   57006     598   56709  1383521  24.27
1860-1869       50      0.01096  0.01090  0.50   56408     615   56102  1326813  23.52
1860-1869       51      0.01146  0.01140  0.50   55793     636   55475  1270711  22.78
1860-1869       52      0.01202  0.01195  0.50   55157     659   54828  1215236  22.03
1860-1869       53      0.01254  0.01246  0.50   54498     679   54157  1160408  21.29
1860-1869       54      0.01287  0.01279  0.50   53819     688   53476  1106250  20.56
1860-1869       55      0.01382  0.01372  0.50   53130     729   52765  1052774  19.81
1860-1869       56      0.01414  0.01404  0.50   52401     736   52035  1000009  19.08
1860-1869       57      0.01494  0.01483  0.50   51665     766   51284   947974  18.35
1860-1869       58      0.01617  0.01604  0.51   50899     816   50499   896689  17.62
1860-1869       59      0.01757  0.01742  0.51   50083     872   49652   846191  16.90
1860-1869       60      0.01961  0.01942  0.50   49210     956   48737   796538  16.19
1860-1869       61      0.02149  0.02126  0.50   48255    1026   47741   747802  15.50
1860-1869       62      0.02296  0.02270  0.50   47229    1072   46692   700061  14.82
1860-1869       63      0.02475  0.02445  0.50   46157    1128   45596   653368  14.16
1860-1869       64      0.02784  0.02746  0.50   45028    1236   44407   607772  13.50
1860-1869       65      0.03147  0.03099  0.50   43792    1357   43116   563365  12.86
1860-1869       66      0.03380  0.03324  0.50   42435    1411   41735   520249  12.26
1860-1869       67      0.03796  0.03727  0.51   41024    1529   40272   478514  11.66
1860-1869       68      0.04037  0.03958  0.50   39495    1563   38722   438242  11.10
1860-1869       69      0.04413  0.04319  0.51   37932    1638   37125   399520  10.53
1860-1869       70      0.05014  0.04894  0.51   36294    1776   35421   362395   9.98
1860-1869       71      0.05362  0.05223  0.50   34518    1803   33621   326974   9.47
1860-1869       72      0.06052  0.05876  0.50   32715    1922   31760   293352   8.97
1860-1869       73      0.06472  0.06270  0.50   30793    1931   29834   261592   8.50
1860-1869       74      0.06921  0.06690  0.50   28862    1931   27898   231759   8.03
1860-1869       75      0.07856  0.07560  0.50   26931    2036   25917   203860   7.57
1860-1869       76      0.08422  0.08085  0.50   24895    2013   23898   177944   7.15
1860-1869       77      0.09394  0.08972  0.50   22883    2053   21856   154046   6.73
1860-1869       78      0.10020  0.09545  0.50   20830    1988   19842   132190   6.35
1860-1869       79      0.11101  0.10527  0.51   18841    1983   17866   112348   5.96
1860-1869       80      0.12320  0.11608  0.50   16858    1957   15883    94482   5.60
1860-1869       81      0.13401  0.12571  0.51   14901    1873   13978    78598   5.27
1860-1869       82      0.14452  0.13485  0.50   13028    1757   12156    64620   4.96
1860-1869       83      0.15748  0.14607  0.50   11271    1646   10455    52465   4.65
1860-1869       84      0.17321  0.15945  0.50    9625    1535    8860    42010   4.36
1860-1869       85      0.18481  0.16928  0.50    8090    1370    7410    33150   4.10
1860-1869       86      0.19906  0.18116  0.50    6721    1217    6116    25739   3.83
1860-1869       87      0.21669  0.19562  0.50    5503    1076    4968    19623   3.57
1860-1869       88      0.24174  0.21604  0.51    4427     956    3956    14655   3.31
1860-1869       89      0.26659  0.23532  0.50    3470     817    3063    10699   3.08
1860-1869       90      0.29341  0.25588  0.50    2654     679    2314     7636   2.88
1860-1869       91      0.31059  0.26860  0.50    1975     530    1708     5322   2.70
1860-1869       92      0.35290  0.29991  0.50    1444     433    1227     3614   2.50
1860-1869       93      0.36022  0.30449  0.49    1011     308     855     2387   2.36
1860-1869       94      0.41148  0.34058  0.49     703     240     582     1532   2.18
1860-1869       95      0.46903  0.37912  0.49     464     176     375      950   2.05
1860-1869       96      0.45245  0.36726  0.49     288     106     234      575   2.00
1860-1869       97      0.49315  0.39161  0.47     182      71     145      341   1.87
1860-1869       98      0.51360  0.40996  0.51     111      45      88      197   1.78
1860-1869       99      0.49866  0.40260  0.52      65      26      53      108   1.66
1860-1869      100      0.70854  0.51087  0.45      39      20      28       55   1.42
1860-1869      101      0.81522  0.55556  0.43      19      11      13       27   1.43
1860-1869      102      0.41176  0.35000  0.57       8       3       7       14   1.68
1860-1869      103      1.20000  0.76923  0.53       6       4       4        7   1.28
1860-1869      104      0.42857  0.33333  0.33       1       0       1        4   2.78
1860-1869      105      0.00000  0.00000  0.50       1       0       1        3   3.00
1860-1869      106      0.60000  0.50000  0.67       1       0       1        2   2.00
1860-1869      107      0.00000  0.00000  0.50       0       0       0        1   2.33
1860-1869      108      0.00000  0.00000  0.50       0       0       0        1   1.33
1860-1869      109      3.00000  1.00000  0.33       0       0       0        0   0.33
1860-1869      110+           .        .     .       0       0       0        0      .
1870-1879        0      0.16788  0.15020  0.30  100000   15020   89472  4996224  49.96
1870-1879        1      0.03710  0.03639  0.47   84980    3093   83351  4906752  57.74
1870-1879        2      0.01948  0.01929  0.50   81887    1579   81095  4823401  58.90
1870-1879        3      0.01480  0.01469  0.50   80308    1180   79713  4742306  59.05
1870-1879        4      0.01198  0.01191  0.50   79128     942   78653  4662593  58.92
1870-1879        5      0.00995  0.00990  0.50   78185     774   77796  4583940  58.63
1870-1879        6      0.00841  0.00837  0.50   77411     648   77084  4506144  58.21
1870-1879        7      0.00707  0.00704  0.50   76763     541   76491  4429060  57.70
1870-1879        8      0.00614  0.00612  0.50   76222     467   75989  4352569  57.10
1870-1879        9      0.00546  0.00544  0.50   75755     412   75549  4276580  56.45
1870-1879       10      0.00489  0.00488  0.50   75343     367   75160  4201032  55.76
1870-1879       11      0.00448  0.00447  0.50   74976     336   74809  4125872  55.03
1870-1879       12      0.00427  0.00426  0.50   74640     318   74482  4051063  54.27
1870-1879       13      0.00423  0.00422  0.50   74322     313   74167  3976580  53.50
1870-1879       14      0.00433  0.00433  0.50   74009     320   73850  3902414  52.73
1870-1879       15      0.00452  0.00451  0.50   73689     332   73524  3828564  51.96
1870-1879       16      0.00469  0.00468  0.50   73356     343   73186  3755040  51.19
1870-1879       17      0.00493  0.00492  0.51   73013     359   72836  3681854  50.43
1870-1879       18      0.00518  0.00516  0.50   72654     375   72468  3609018  49.67
1870-1879       19      0.00539  0.00537  0.50   72279     388   72086  3536550  48.93
1870-1879       20      0.00561  0.00560  0.50   71891     402   71689  3464464  48.19
1870-1879       21      0.00580  0.00578  0.50   71488     413   71281  3392775  47.46
1870-1879       22      0.00582  0.00581  0.50   71075     413   70867  3321494  46.73
1870-1879       23      0.00567  0.00566  0.50   70663     400   70461  3250627  46.00
1870-1879       24      0.00538  0.00537  0.50   70263     377   70073  3180166  45.26
1870-1879       25      0.00502  0.00501  0.50   69886     350   69709  3110093  44.50
1870-1879       26      0.00476  0.00475  0.50   69536     330   69370  3040383  43.72
1870-1879       27      0.00464  0.00463  0.50   69205     320   69044  2971014  42.93
1870-1879       28      0.00461  0.00460  0.50   68885     317   68725  2901970  42.13
1870-1879       29      0.00468  0.00467  0.50   68568     320   68407  2833245  41.32
1870-1879       30      0.00478  0.00477  0.50   68248     325   68084  2764838  40.51
1870-1879       31      0.00487  0.00486  0.50   67923     330   67757  2696754  39.70
1870-1879       32      0.00496  0.00495  0.50   67593     334   67424  2628997  38.89
1870-1879       33      0.00502  0.00501  0.50   67258     337   67089  2561572  38.09
1870-1879       34      0.00515  0.00514  0.50   66922     344   66749  2494484  37.27
1870-1879       35      0.00534  0.00532  0.50   66578     355   66401  2427734  36.46
1870-1879       36      0.00553  0.00551  0.50   66223     365   66042  2361333  35.66
1870-1879       37      0.00574  0.00573  0.50   65859     377   65671  2295292  34.85
1870-1879       38      0.00628  0.00626  0.50   65481     410   65278  2229621  34.05
1870-1879       39      0.00641  0.00639  0.50   65072     416   64864  2164343  33.26
1870-1879       40      0.00660  0.00658  0.50   64656     426   64443  2099479  32.47
1870-1879       41      0.00591  0.00590  0.50   64230     379   64040  2035036  31.68
1870-1879       42      0.00628  0.00626  0.50   63851     400   63651  1970997  30.87
1870-1879       43      0.00642  0.00640  0.50   63451     406   63248  1907346  30.06
1870-1879       44      0.00676  0.00673  0.50   63046     424   62833  1844098  29.25
1870-1879       45      0.00680  0.00678  0.50   62621     424   62411  1781264  28.45
1870-1879       46      0.00703  0.00701  0.50   62197     436   61979  1718854  27.64
1870-1879       47      0.00669  0.00667  0.51   61761     412   61557  1656875  26.83
1870-1879       48      0.00771  0.00768  0.50   61349     471   61115  1595317  26.00
1870-1879       49      0.00828  0.00825  0.50   60878     502   60628  1534202  25.20
1870-1879       50      0.00828  0.00824  0.50   60376     498   60128  1473574  24.41
1870-1879       51      0.00848  0.00844  0.51   59878     506   59628  1413445  23.61
1870-1879       52      0.00950  0.00946  0.51   59373     562   59095  1353817  22.80
1870-1879       53      0.01046  0.01041  0.51   58811     612   58509  1294722  22.01
1870-1879       54      0.01168  0.01162  0.51   58199     676   57866  1236213  21.24
1870-1879       55      0.01232  0.01225  0.50   57523     704   57171  1178347  20.48
1870-1879       56      0.01307  0.01299  0.50   56819     738   56453  1121177  19.73
1870-1879       57      0.01457  0.01446  0.50   56081     811   55678  1064724  18.99
1870-1879       58      0.01621  0.01608  0.50   55270     889   54825  1009046  18.26
1870-1879       59      0.01742  0.01726  0.50   54381     939   53910   954221  17.55
1870-1879       60      0.01922  0.01904  0.51   53442    1017   52943   900310  16.85
1870-1879       61      0.02040  0.02020  0.50   52425    1059   51898   847367  16.16
1870-1879       62      0.02203  0.02179  0.50   51366    1119   50809   795470  15.49
1870-1879       63      0.02475  0.02445  0.50   50247    1228   49637   744661  14.82
1870-1879       64      0.02678  0.02642  0.50   49018    1295   48370   695024  14.18
1870-1879       65      0.02844  0.02804  0.50   47723    1338   47054   646654  13.55
1870-1879       66      0.03111  0.03064  0.51   46385    1421   45684   599601  12.93
1870-1879       67      0.03375  0.03319  0.50   44964    1493   44221   553917  12.32
1870-1879       68      0.03654  0.03588  0.50   43471    1560   42693   509696  11.72
1870-1879       69      0.04072  0.03991  0.50   41911    1673   41079   467003  11.14
1870-1879       70      0.04318  0.04227  0.50   40239    1701   39392   425924  10.58
1870-1879       71      0.04740  0.04631  0.50   38538    1785   37652   386532  10.03
1870-1879       72      0.05129  0.05001  0.50   36753    1838   35836   348881   9.49
1870-1879       73      0.05728  0.05570  0.50   34915    1945   33949   313044   8.97
1870-1879       74      0.06216  0.06030  0.51   32970    1988   31987   279095   8.47
1870-1879       75      0.06798  0.06574  0.50   30982    2037   29961   247109   7.98
1870-1879       76      0.07486  0.07218  0.50   28946    2089   27908   217147   7.50
1870-1879       77      0.08202  0.07882  0.50   26856    2117   25808   189240   7.05
1870-1879       78      0.08947  0.08562  0.50   24740    2118   23677   163431   6.61
1870-1879       79      0.10136  0.09645  0.50   22621    2182   21524   139754   6.18
1870-1879       80      0.11208  0.10616  0.50   20439    2170   19360   118230   5.78
1870-1879       81      0.12115  0.11430  0.50   18270    2088   17236    98870   5.41
1870-1879       82      0.14090  0.13168  0.50   16181    2131   15122    81634   5.04
1870-1879       83      0.15010  0.13959  0.50   14051    1961   13067    66512   4.73
1870-1879       84      0.16706  0.15411  0.50   12089    1863   11152    53445   4.42
1870-1879       85      0.18566  0.16996  0.50   10226    1738    9361    42293   4.14
1870-1879       86      0.20627  0.18705  0.50    8488    1588    7697    32931   3.88
1870-1879       87      0.21991  0.19820  0.50    6900    1368    6219    25234   3.66
1870-1879       88      0.24348  0.21702  0.50    5533    1201    4932    19015   3.44
1870-1879       89      0.25836  0.22871  0.50    4332     991    3835    14083   3.25
1870-1879       90      0.27614  0.24257  0.50    3341     810    2935    10248   3.07
1870-1879       91      0.30375  0.26342  0.50    2531     667    2195     7313   2.89
1870-1879       92      0.30376  0.26323  0.49    1864     491    1615     5119   2.75
1870-1879       93      0.34421  0.29334  0.50    1373     403    1170     3503   2.55
1870-1879       94      0.37483  0.31459  0.49     971     305     815     2333   2.40
1870-1879       95      0.39374  0.32808  0.49     665     218     554     1518   2.28
1870-1879       96      0.43026  0.35408  0.50     447     158     368      964   2.16
1870-1879       97      0.42444  0.34919  0.49     289     101     238      596   2.06
1870-1879       98      0.49395  0.39231  0.48     188      74     149      358   1.91
1870-1879       99      0.48285  0.38608  0.48     114      44      91      209   1.83
1870-1879      100      0.47872  0.38660  0.50      70      27      57      118   1.68
1870-1879      101      0.67925  0.50420  0.49      43      22      32       61   1.43
1870-1879      102      0.68182  0.50847  0.50      21      11      16       29   1.38
1870-1879      103      0.82258  0.58621  0.51      10       6       7       13   1.29
1870-1879      104      0.62069  0.50000  0.61       4       2       3        6   1.39
1870-1879      105      1.00000  0.66667  0.50       2       1       1        3   1.17
1870-1879      106      0.75000  0.50000  0.33       1       0       0        1   1.50
1870-1879      107      0.00000  0.00000  0.50       0       0       0        1   1.67
1870-1879      108      1.50000  1.00000  0.67       0       0       0        0   0.67
1870-1879      109            .        .     .       0       0       0        0      .
1870-1879      110+           .        .     .       0       0       0        0      .
1880-1889        0      0.16529  0.14813  0.30  100000   14813   89618  5193255  51.93
1880-1889        1      0.03439  0.03379  0.48   85187    2878   83679  5103638  59.91
1880-1889        2      0.01855  0.01838  0.50   82309    1513   81549  5019959  60.99
1880-1889        3      0.01423  0.01413  0.50   80796    1142   80226  4938409  61.12
1880-1889        4      0.01151  0.01144  0.50   79654     912   79196  4858184  60.99
1880-1889        5      0.00947  0.00943  0.50   78743     742   78370  4778988  60.69
1880-1889        6      0.00798  0.00795  0.50   78000     620   77688  4700618  60.26
1880-1889        7      0.00664  0.00662  0.49   77380     512   77122  4622930  59.74
1880-1889        8      0.00541  0.00539  0.49   76868     414   76658  4545808  59.14
1880-1889        9      0.00442  0.00441  0.49   76454     337   76283  4469151  58.46
1880-1889       10      0.00379  0.00379  0.50   76117     288   75972  4392868  57.71
1880-1889       11      0.00339  0.00338  0.50   75828     257   75699  4316896  56.93
1880-1889       12      0.00311  0.00311  0.50   75572     235   75454  4241197  56.12
1880-1889       13      0.00295  0.00295  0.50   75337     222   75226  4165743  55.29
1880-1889       14      0.00296  0.00296  0.50   75115     222   75004  4090518  54.46
1880-1889       15      0.00316  0.00315  0.51   74893     236   74776  4015513  53.62
1880-1889       16      0.00341  0.00340  0.50   74657     254   74531  3940737  52.78
1880-1889       17      0.00361  0.00360  0.50   74403     268   74270  3866206  51.96
1880-1889       18      0.00382  0.00381  0.50   74135     283   73995  3791936  51.15
1880-1889       19      0.00406  0.00405  0.50   73853     299   73704  3717941  50.34
1880-1889       20      0.00425  0.00424  0.50   73553     312   73396  3644237  49.55
1880-1889       21      0.00431  0.00430  0.50   73241     315   73083  3570842  48.75
1880-1889       22      0.00435  0.00434  0.50   72927     316   72768  3497759  47.96
1880-1889       23      0.00436  0.00435  0.50   72610     316   72451  3424991  47.17
1880-1889       24      0.00429  0.00428  0.50   72294     310   72138  3352540  46.37
1880-1889       25      0.00416  0.00415  0.50   71985     299   71834  3280402  45.57
1880-1889       26      0.00411  0.00410  0.50   71686     294   71538  3208567  44.76
1880-1889       27      0.00413  0.00412  0.50   71392     294   71244  3137029  43.94
1880-1889       28      0.00443  0.00442  0.51   71098     314   70943  3065784  43.12
1880-1889       29      0.00520  0.00519  0.50   70784     367   70599  2994841  42.31
1880-1889       30      0.00545  0.00544  0.50   70416     383   70224  2924242  41.53
1880-1889       31      0.00522  0.00521  0.49   70033     365   69848  2854018  40.75
1880-1889       32      0.00523  0.00522  0.50   69669     364   69485  2784170  39.96
1880-1889       33      0.00515  0.00514  0.49   69305     356   69125  2714684  39.17
1880-1889       34      0.00505  0.00503  0.50   68949     347   68774  2645560  38.37
1880-1889       35      0.00497  0.00495  0.50   68602     340   68430  2576786  37.56
1880-1889       36      0.00480  0.00479  0.50   68262     327   68097  2508356  36.75
1880-1889       37      0.00485  0.00484  0.50   67935     329   67770  2440259  35.92
1880-1889       38      0.00476  0.00475  0.50   67607     321   67447  2372489  35.09
1880-1889       39      0.00429  0.00428  0.50   67285     288   67142  2305042  34.26
1880-1889       40      0.00449  0.00448  0.51   66997     300   66849  2237900  33.40
1880-1889       41      0.00461  0.00460  0.50   66697     307   66544  2171052  32.55
1880-1889       42      0.00488  0.00486  0.50   66390     323   66228  2104508  31.70
1880-1889       43      0.00507  0.00506  0.50   66067     334   65901  2038279  30.85
1880-1889       44      0.00531  0.00530  0.51   65733     348   65561  1972379  30.01
1880-1889       45      0.00566  0.00564  0.51   65385     369   65204  1906818  29.16
1880-1889       46      0.00623  0.00621  0.50   65016     404   64815  1841614  28.33
1880-1889       47      0.00651  0.00649  0.50   64612     419   64403  1776799  27.50
1880-1889       48      0.00659  0.00657  0.51   64193     422   63985  1712396  26.68
1880-1889       49      0.00746  0.00743  0.50   63771     474   63535  1648411  25.85
1880-1889       50      0.00797  0.00794  0.51   63297     502   63053  1584877  25.04
1880-1889       51      0.00866  0.00862  0.50   62795     541   62526  1521824  24.23
1880-1889       52      0.00978  0.00973  0.50   62254     606   61952  1459298  23.44
1880-1889       53      0.01036  0.01031  0.51   61648     635   61336  1397346  22.67
1880-1889       54      0.01058  0.01052  0.50   61013     642   60692  1336010  21.90
1880-1889       55      0.01167  0.01161  0.50   60371     701   60018  1275318  21.12
1880-1889       56      0.01276  0.01268  0.51   59670     757   59296  1215300  20.37
1880-1889       57      0.01327  0.01318  0.50   58913     777   58528  1156004  19.62
1880-1889       58      0.01438  0.01427  0.50   58136     830   57723  1097475  18.88
1880-1889       59      0.01536  0.01525  0.50   57307     874   56873  1039752  18.14
1880-1889       60      0.01662  0.01649  0.50   56433     930   55970   982879  17.42
1880-1889       61      0.01815  0.01799  0.50   55502     998   55002   926909  16.70
1880-1889       62      0.01962  0.01943  0.50   54504    1059   53976   871907  16.00
1880-1889       63      0.02089  0.02067  0.50   53445    1105   52894   817931  15.30
1880-1889       64      0.02248  0.02223  0.50   52340    1163   51758   765037  14.62
1880-1889       65      0.02511  0.02480  0.50   51177    1269   50549   713279  13.94
1880-1889       66      0.02782  0.02744  0.50   49908    1369   49222   662730  13.28
1880-1889       67      0.03024  0.02979  0.50   48539    1446   47816   613508  12.64
1880-1889       68      0.03251  0.03199  0.50   47093    1507   46343   565692  12.01
1880-1889       69      0.03622  0.03558  0.50   45586    1622   44779   519349  11.39
1880-1889       70      0.04087  0.04005  0.50   43965    1761   43081   474570  10.79
1880-1889       71      0.04524  0.04424  0.50   42204    1867   41272   431489  10.22
1880-1889       72      0.04899  0.04783  0.50   40337    1929   39380   390216   9.67
1880-1889       73      0.05485  0.05339  0.50   38407    2050   37384   350836   9.13
1880-1889       74      0.06054  0.05878  0.50   36357    2137   35297   313452   8.62
1880-1889       75      0.06718  0.06501  0.50   34220    2225   33116   278155   8.13
1880-1889       76      0.07502  0.07232  0.50   31995    2314   30846   245039   7.66
1880-1889       77      0.08369  0.08034  0.50   29681    2385   28493   214193   7.22
1880-1889       78      0.09294  0.08882  0.50   27297    2424   26086   185701   6.80
1880-1889       79      0.10319  0.09814  0.50   24872    2441   23657   159614   6.42
1880-1889       80      0.11138  0.10549  0.50   22431    2366   21245   135958   6.06
1880-1889       81      0.11930  0.11261  0.50   20065    2259   18940   114712   5.72
1880-1889       82      0.13284  0.12452  0.50   17805    2217   16690    95773   5.38
1880-1889       83      0.14543  0.13550  0.50   15588    2112   14524    79083   5.07
1880-1889       84      0.15171  0.14108  0.50   13476    1901   12532    64558   4.79
1880-1889       85      0.16566  0.15291  0.50   11575    1770   10684    52027   4.49
1880-1889       86      0.18843  0.17226  0.50    9805    1689    8964    41343   4.22
1880-1889       87      0.19788  0.18003  0.50    8116    1461    7384    32380   3.99
1880-1889       88      0.20725  0.18771  0.50    6655    1249    6027    24996   3.76
1880-1889       89      0.22901  0.20534  0.50    5406    1110    4847    18969   3.51
1880-1889       90      0.24530  0.21840  0.50    4296     938    3825    14122   3.29
1880-1889       91      0.26961  0.23749  0.50    3358     797    2958    10297   3.07
1880-1889       92      0.30215  0.26242  0.50    2560     672    2223     7339   2.87
1880-1889       93      0.32462  0.27883  0.49    1888     527    1622     5116   2.71
1880-1889       94      0.34080  0.29064  0.49    1362     396    1161     3494   2.57
1880-1889       95      0.38153  0.32060  0.50     966     310     812     2333   2.41
1880-1889       96      0.39105  0.32742  0.50     656     215     549     1521   2.32
1880-1889       97      0.40012  0.33284  0.49     441     147     367      971   2.20
1880-1889       98      0.41867  0.34505  0.49     294     102     243      604   2.05
1880-1889       99      0.46458  0.37416  0.48     193      72     155      361   1.87
1880-1889      100      0.53100  0.42091  0.51     121      51      96      206   1.71
1880-1889      101      0.49902  0.39352  0.46      70      28      55      110   1.58
1880-1889      102      0.75000  0.54962  0.51      42      23      31       55   1.31
1880-1889      103      0.68702  0.50847  0.49      19      10      14       24   1.27
1880-1889      104      0.85000  0.58621  0.47       9       6       6       10   1.08
1880-1889      105      1.22727  0.75000  0.48       4       3       2        4   0.94
1880-1889      106      0.42857  0.33333  0.33       1       0       1        1   1.33
1880-1889      107      0.75000  0.50000  0.33       1       0       0        1   0.83
1880-1889      108      3.00000  1.00000  0.33       0       0       0        0   0.33
1880-1889      109            .        .     .       0       0       0        0      .
1880-1889      110+           .        .     .       0       0       0        0      .
1890-1899        0      0.16653  0.14913  0.30  100000   14913   89548  5481044  54.81
1890-1899        1      0.02855  0.02813  0.47   85087    2393   83821  5391496  63.36
1890-1899        2      0.01330  0.01321  0.49   82694    1092   82137  5307675  64.18
1890-1899        3      0.00852  0.00848  0.49   81602     692   81247  5225538  64.04
1890-1899        4      0.00589  0.00588  0.49   80910     475   80667  5144291  63.58
1890-1899        5      0.00447  0.00446  0.49   80434     358   80253  5063624  62.95
1890-1899        6      0.00372  0.00372  0.50   80076     298   79926  4983372  62.23
1890-1899        7      0.00314  0.00314  0.49   79778     250   79651  4903446  61.46
1890-1899        8      0.00271  0.00271  0.50   79528     215   79420  4823795  60.66
1890-1899        9      0.00243  0.00243  0.50   79312     193   79216  4744375  59.82
1890-1899       10      0.00215  0.00214  0.50   79120     170   79035  4665160  58.96
1890-1899       11      0.00196  0.00196  0.50   78950     155   78873  4586125  58.09
1890-1899       12      0.00191  0.00191  0.50   78796     151   78720  4507252  57.20
1890-1899       13      0.00198  0.00198  0.50   78645     155   78568  4428532  56.31
1890-1899       14      0.00215  0.00215  0.50   78490     168   78405  4349964  55.42
1890-1899       15      0.00239  0.00239  0.50   78321     187   78228  4271559  54.54
1890-1899       16      0.00272  0.00272  0.51   78134     212   78030  4193331  53.67
1890-1899       17      0.00303  0.00302  0.51   77922     236   77806  4115301  52.81
1890-1899       18      0.00345  0.00345  0.51   77686     268   77555  4037495  51.97
1890-1899       19      0.00439  0.00438  0.51   77419     339   77251  3959940  51.15
1890-1899       20      0.00521  0.00520  0.50   77080     400   76878  3882689  50.37
1890-1899       21      0.00543  0.00541  0.49   76679     415   76469  3805811  49.63
1890-1899       22      0.00500  0.00499  0.49   76264     381   76072  3729342  48.90
1890-1899       23      0.00488  0.00487  0.49   75884     369   75696  3653270  48.14
1890-1899       24      0.00463  0.00462  0.50   75515     349   75340  3577574  47.38
1890-1899       25      0.00486  0.00485  0.49   75166     365   74981  3502233  46.59
1890-1899       26      0.00439  0.00438  0.49   74801     328   74635  3427253  45.82
1890-1899       27      0.00433  0.00432  0.50   74473     321   74311  3352617  45.02
1890-1899       28      0.00400  0.00399  0.49   74152     296   74000  3278306  44.21
1890-1899       29      0.00353  0.00352  0.49   73855     260   73723  3204307  43.39
1890-1899       30      0.00318  0.00318  0.50   73595     234   73478  3130584  42.54
1890-1899       31      0.00301  0.00300  0.50   73361     220   73250  3057106  41.67
1890-1899       32      0.00282  0.00281  0.50   73141     206   73039  2983856  40.80
1890-1899       33      0.00307  0.00306  0.51   72935     224   72825  2910817  39.91
1890-1899       34      0.00304  0.00303  0.50   72712     221   72602  2837992  39.03
1890-1899       35      0.00329  0.00329  0.50   72491     238   72373  2765390  38.15
1890-1899       36      0.00337  0.00337  0.51   72253     243   72133  2693017  37.27
1890-1899       37      0.00338  0.00338  0.51   72010     243   71890  2620885  36.40
1890-1899       38      0.00368  0.00368  0.49   71766     264   71632  2548994  35.52
1890-1899       39      0.00374  0.00373  0.51   71503     267   71371  2477363  34.65
1890-1899       40      0.00397  0.00396  0.50   71236     282   71095  2405992  33.78
1890-1899       41      0.00412  0.00411  0.50   70954     292   70809  2334897  32.91
1890-1899       42      0.00418  0.00417  0.50   70662     294   70514  2264088  32.04
1890-1899       43      0.00430  0.00430  0.50   70367     302   70217  2193574  31.17
1890-1899       44      0.00463  0.00462  0.50   70065     323   69904  2123357  30.31
1890-1899       45      0.00490  0.00489  0.50   69742     341   69572  2053453  29.44
1890-1899       46      0.00517  0.00515  0.50   69401     358   69220  1983880  28.59
1890-1899       47      0.00594  0.00592  0.50   69043     409   68840  1914660  27.73
1890-1899       48      0.00606  0.00604  0.50   68634     414   68428  1845821  26.89
1890-1899       49      0.00644  0.00642  0.50   68220     438   68003  1777393  26.05
1890-1899       50      0.00700  0.00698  0.50   67782     473   67545  1709390  25.22
1890-1899       51      0.00756  0.00753  0.50   67309     507   67056  1641845  24.39
1890-1899       52      0.00779  0.00776  0.50   66802     518   66542  1574788  23.57
1890-1899       53      0.00865  0.00862  0.51   66284     571   66002  1508246  22.75
1890-1899       54      0.00923  0.00919  0.50   65713     604   65412  1442244  21.95
1890-1899       55      0.01028  0.01023  0.50   65109     666   64776  1376832  21.15
1890-1899       56      0.01092  0.01086  0.50   64443     700   64094  1312056  20.36
1890-1899       57      0.01185  0.01178  0.50   63743     751   63367  1247962  19.58
1890-1899       58      0.01315  0.01306  0.50   62992     823   62583  1184595  18.81
1890-1899       59      0.01471  0.01460  0.50   62169     908   61714  1122012  18.05
1890-1899       60      0.01587  0.01575  0.50   61261     965   60779  1060298  17.31
1890-1899       61      0.01744  0.01729  0.50   60296    1043   59777   999520  16.58
1890-1899       62      0.01961  0.01942  0.50   59254    1151   58678   939743  15.86
1890-1899       63      0.02114  0.02092  0.50   58103    1215   57499   881065  15.16
1890-1899       64      0.02428  0.02399  0.50   56887    1365   56210   823566  14.48
1890-1899       65      0.02655  0.02621  0.50   55523    1455   54797   767356  13.82
1890-1899       66      0.02986  0.02942  0.50   54068    1591   53276   712560  13.18
1890-1899       67      0.03270  0.03217  0.50   52477    1688   51632   659283  12.56
1890-1899       68      0.03613  0.03548  0.50   50789    1802   49887   607652  11.96
1890-1899       69      0.03971  0.03893  0.50   48986    1907   48032   557765  11.39
1890-1899       70      0.04443  0.04347  0.50   47079    2047   46059   509733  10.83
1890-1899       71      0.04988  0.04866  0.50   45033    2191   43933   463674  10.30
1890-1899       72      0.05405  0.05263  0.50   42841    2255   41714   419741   9.80
1890-1899       73      0.05791  0.05628  0.50   40587    2284   39445   378026   9.31
1890-1899       74      0.06357  0.06163  0.50   38302    2361   37134   338582   8.84
1890-1899       75      0.06770  0.06548  0.50   35942    2353   34760   301448   8.39
1890-1899       76      0.07346  0.07087  0.50   33588    2380   32407   266688   7.94
1890-1899       77      0.08126  0.07810  0.50   31208    2437   29995   234281   7.51
1890-1899       78      0.08707  0.08345  0.50   28771    2401   27574   204286   7.10
1890-1899       79      0.09555  0.09118  0.50   26370    2404   25163   176711   6.70
1890-1899       80      0.10383  0.09872  0.50   23965    2366   22786   151549   6.32
1890-1899       81      0.11345  0.10737  0.50   21599    2319   20442   128763   5.96
1890-1899       82      0.12155  0.11465  0.50   19280    2210   18185   108321   5.62
1890-1899       83      0.13422  0.12581  0.50   17070    2148   15999    90137   5.28
1890-1899       84      0.14524  0.13544  0.50   14922    2021   13915    74137   4.97
1890-1899       85      0.15848  0.14683  0.50   12901    1894   11953    60222   4.67
1890-1899       86      0.17402  0.16008  0.50   11007    1762   10125    48269   4.39
1890-1899       87      0.18381  0.16838  0.50    9245    1557    8469    38144   4.13
1890-1899       88      0.20276  0.18402  0.50    7688    1415    6978    29676   3.86
1890-1899       89      0.22067  0.19878  0.50    6274    1247    5651    22698   3.62
1890-1899       90      0.23320  0.20877  0.50    5026    1049    4500    17047   3.39
1890-1899       91      0.25541  0.22664  0.50    3977     901    3529    12547   3.15
1890-1899       92      0.29008  0.25300  0.49    3076     778    2683     9018   2.93
1890-1899       93      0.30450  0.26360  0.49    2298     606    1989     6335   2.76
1890-1899       94      0.32099  0.27658  0.50    1692     468    1458     4346   2.57
1890-1899       95      0.37252  0.31306  0.49    1224     383    1029     2888   2.36
1890-1899       96      0.40481  0.33521  0.49     841     282     696     1860   2.21
1890-1899       97      0.45918  0.37156  0.49     559     208     452     1164   2.08
1890-1899       98      0.45093  0.36585  0.48     351     129     285      711   2.02
1890-1899       99      0.44481  0.36340  0.50     223      81     182      426   1.91
1890-1899      100      0.54425  0.42708  0.50     142      61     111      244   1.72
1890-1899      101      0.54844  0.42545  0.47      81      35      63      133   1.64
1890-1899      102      0.69492  0.51899  0.51      47      24      35       70   1.50
1890-1899      103      0.64535  0.48684  0.50      22      11      17       35   1.57
1890-1899      104      0.58696  0.46154  0.54      12       5       9       18   1.58
1890-1899      105      0.81818  0.57143  0.47       6       4       4        9   1.48
1890-1899      106      0.39130  0.33333  0.56       3       1       2        5   1.81
1890-1899      107      0.64286  0.50000  0.56       2       1       1        3   1.44
1890-1899      108      0.85714  0.66667  0.67       1       1       1        1   1.33
1890-1899      109      0.00000  0.00000  0.50       0       0       0        0   1.67
1890-1899      110+     1.50000  1.00000  0.67       0       0       0        0   0.67
1900-1909        0      0.14060  0.12799  0.30  100000   12799   91029  5872809  58.73
1900-1909        1      0.01826  0.01809  0.48   87201    1577   86375  5781780  66.30
1900-1909        2      0.00690  0.00688  0.50   85624     589   85327  5695405  66.52
1900-1909        3      0.00476  0.00474  0.50   85035     403   84832  5610078  65.97
1900-1909        4      0.00343  0.00343  0.50   84632     290   84486  5525246  65.29
1900-1909        5      0.00273  0.00273  0.50   84342     230   84226  5440760  64.51
1900-1909        6      0.00244  0.00244  0.50   84112     205   84009  5356534  63.68
1900-1909        7      0.00220  0.00220  0.50   83907     184   83815  5272524  62.84
1900-1909        8      0.00202  0.00202  0.50   83722     169   83638  5188710  61.98
1900-1909        9      0.00186  0.00185  0.50   83554     155   83476  5105072  61.10
1900-1909       10      0.00179  0.00179  0.50   83399     149   83324  5021596  60.21
1900-1909       11      0.00173  0.00172  0.50   83249     144   83178  4938272  59.32
1900-1909       12      0.00166  0.00166  0.50   83106     138   83037  4855094  58.42
1900-1909       13      0.00171  0.00171  0.50   82968     142   82897  4772056  57.52
1900-1909       14      0.00185  0.00185  0.49   82826     153   82749  4689160  56.61
1900-1909       15      0.00220  0.00220  0.50   82674     182   82583  4606410  55.72
1900-1909       16      0.00242  0.00242  0.51   82492     200   82393  4523828  54.84
1900-1909       17      0.00295  0.00295  0.50   82292     242   82172  4441435  53.97
1900-1909       18      0.00312  0.00312  0.50   82050     256   81921  4359263  53.13
1900-1909       19      0.00320  0.00320  0.51   81794     261   81665  4277342  52.29
1900-1909       20      0.00330  0.00329  0.50   81533     268   81399  4195677  51.46
1900-1909       21      0.00297  0.00296  0.51   81264     241   81146  4114278  50.63
1900-1909       22      0.00322  0.00321  0.51   81024     260   80895  4033132  49.78
1900-1909       23      0.00288  0.00288  0.51   80763     233   80649  3952237  48.94
1900-1909       24      0.00266  0.00266  0.50   80531     214   80425  3871588  48.08
1900-1909       25      0.00269  0.00269  0.50   80317     216   80209  3791164  47.20
1900-1909       26      0.00252  0.00252  0.51   80101     202   80001  3710955  46.33
1900-1909       27      0.00266  0.00266  0.52   79899     212   79796  3630954  45.44
1900-1909       28      0.00241  0.00241  0.51   79687     192   79592  3551158  44.56
1900-1909       29      0.00257  0.00256  0.50   79495     204   79393  3471566  43.67
1900-1909       30      0.00256  0.00256  0.50   79291     203   79190  3392173  42.78
1900-1909       31      0.00247  0.00247  0.51   79088     195   78992  3312983  41.89
1900-1909       32      0.00227  0.00227  0.50   78893     179   78804  3233991  40.99
1900-1909       33      0.00241  0.00240  0.51   78714     189   78620  3155188  40.08
1900-1909       34      0.00253  0.00253  0.52   78525     198   78429  3076567  39.18
1900-1909       35      0.00254  0.00254  0.50   78326     199   78227  2998138  38.28
1900-1909       36      0.00275  0.00275  0.50   78128     215   78021  2919911  37.37
1900-1909       37      0.00276  0.00276  0.50   77913     215   77807  2841890  36.48
1900-1909       38      0.00303  0.00303  0.50   77698     235   77579  2764084  35.57
1900-1909       39      0.00321  0.00320  0.51   77463     248   77340  2686505  34.68
1900-1909       40      0.00301  0.00300  0.51   77214     232   77100  2609165  33.79
1900-1909       41      0.00332  0.00332  0.50   76982     256   76855  2532065  32.89
1900-1909       42      0.00352  0.00351  0.51   76727     269   76594  2455210  32.00
1900-1909       43      0.00366  0.00366  0.50   76458     280   76319  2378616  31.11
1900-1909       44      0.00374  0.00373  0.51   76178     284   76038  2302297  30.22
1900-1909       45      0.00417  0.00416  0.51   75894     316   75738  2226259  29.33
1900-1909       46      0.00439  0.00438  0.50   75578     331   75412  2150521  28.45
1900-1909       47      0.00458  0.00457  0.50   75247     344   75074  2075109  27.58
1900-1909       48      0.00524  0.00523  0.50   74903     392   74707  2000035  26.70
1900-1909       49      0.00561  0.00559  0.51   74511     417   74305  1925328  25.84
1900-1909       50      0.00613  0.00611  0.50   74095     453   73867  1851023  24.98
1900-1909       51      0.00680  0.00677  0.50   73642     499   73395  1777156  24.13
1900-1909       52      0.00753  0.00750  0.51   73143     549   72872  1703761  23.29
1900-1909       53      0.00832  0.00828  0.51   72595     601   72302  1630889  22.47
1900-1909       54      0.00930  0.00926  0.50   71993     666   71659  1558587  21.65
1900-1909       55      0.01067  0.01061  0.50   71327     757   70946  1486928  20.85
1900-1909       56      0.01148  0.01142  0.51   70570     806   70173  1415981  20.07
1900-1909       57      0.01302  0.01294  0.50   69764     902   69314  1345808  19.29
1900-1909       58      0.01419  0.01409  0.50   68861     970   68376  1276495  18.54
1900-1909       59      0.01605  0.01592  0.50   67891    1081   67351  1208119  17.79
1900-1909       60      0.01722  0.01708  0.50   66810    1141   66242  1140768  17.07
1900-1909       61      0.01937  0.01919  0.50   65669    1260   65038  1074526  16.36
1900-1909       62      0.02166  0.02143  0.50   64409    1380   63721  1009488  15.67
1900-1909       63      0.02369  0.02341  0.50   63029    1476   62294   945767  15.01
1900-1909       64      0.02600  0.02567  0.50   61553    1580   60768   883472  14.35
1900-1909       65      0.02947  0.02904  0.50   59973    1742   59105   822704  13.72
1900-1909       66      0.03156  0.03107  0.50   58231    1809   57329   763599  13.11
1900-1909       67      0.03336  0.03281  0.50   56422    1851   55496   706270  12.52
1900-1909       68      0.03704  0.03637  0.50   54571    1985   53583   650774  11.93
1900-1909       69      0.04081  0.03999  0.50   52586    2103   51537   597191  11.36
1900-1909       70      0.04572  0.04470  0.50   50483    2257   49358   545654  10.81
1900-1909       71      0.04935  0.04817  0.50   48227    2323   47074   496296  10.29
1900-1909       72      0.05313  0.05177  0.50   45903    2376   44724   449223   9.79
1900-1909       73      0.05798  0.05636  0.50   43527    2453   42305   404499   9.29
1900-1909       74      0.06376  0.06180  0.50   41074    2539   39814   362193   8.82
1900-1909       75      0.06965  0.06732  0.50   38535    2594   37246   322379   8.37
1900-1909       76      0.07541  0.07269  0.50   35941    2612   34643   285133   7.93
1900-1909       77      0.08237  0.07913  0.50   33329    2637   32021   250490   7.52
1900-1909       78      0.08893  0.08516  0.50   30691    2614   29390   218470   7.12
1900-1909       79      0.09682  0.09237  0.50   28078    2593   26787   189080   6.73
1900-1909       80      0.10485  0.09966  0.50   25484    2540   24223   162292   6.37
1900-1909       81      0.11219  0.10625  0.50   22944    2438   21729   138069   6.02
1900-1909       82      0.12132  0.11444  0.50   20506    2347   19343   116340   5.67
1900-1909       83      0.13032  0.12240  0.50   18160    2223   17056    96997   5.34
1900-1909       84      0.13989  0.13080  0.50   15937    2085   14902    79940   5.02
1900-1909       85      0.15228  0.14147  0.50   13852    1960   12869    65039   4.70
1900-1909       86      0.16632  0.15357  0.50   11892    1826   10981    52170   4.39
1900-1909       87      0.18534  0.16971  0.50   10066    1708    9217    41189   4.09
1900-1909       88      0.20316  0.18448  0.50    8358    1542    7589    31972   3.83
1900-1909       89      0.22537  0.20260  0.50    6816    1381    6127    24382   3.58
1900-1909       90      0.24475  0.21797  0.50    5435    1185    4841    18255   3.36
1900-1909       91      0.26143  0.23144  0.50    4250     984    3763    13415   3.16
1900-1909       92      0.28521  0.24943  0.50    3267     815    2857     9652   2.95
1900-1909       93      0.30668  0.26592  0.50    2452     652    2126     6795   2.77
1900-1909       94      0.33751  0.28889  0.50    1800     520    1541     4669   2.59
1900-1909       95      0.35467  0.30184  0.51    1280     386    1089     3128   2.44
1900-1909       96      0.38762  0.32552  0.51     894     291     750     2039   2.28
1900-1909       97      0.41757  0.34580  0.50     603     208     499     1289   2.14
1900-1909       98      0.47142  0.37861  0.48     394     149     317      790   2.00
1900-1909       99      0.51090  0.40693  0.50     245     100     195      473   1.93
1900-1909      100      0.47871  0.38686  0.50     145      56     117      278   1.91
1900-1909      101      0.48089  0.38690  0.49      89      34      72      160   1.80
1900-1909      102      0.55936  0.43689  0.50      55      24      43       89   1.63
1900-1909      103      0.64263  0.48276  0.48      31      15      23       46   1.50
1900-1909      104      0.58139  0.43333  0.41      16       7      12       23   1.45
1900-1909      105      0.78739  0.58824  0.57       9       5       7       11   1.24
1900-1909      106      0.96200  0.64286  0.48       4       2       2        4   1.19
1900-1909      107      0.56734  0.47826  0.67       1       1       1        2   1.45
1900-1909      108      0.59855  0.50000  0.67       1       0       1        1   1.17
1900-1909      109      1.49381  1.00000  0.67       0       0       0        0   0.67
1900-1909      110+           .        .     .       0       0       0        0      .
1910-1919        0      0.11356  0.10518  0.30  100000   10518   92628  6192485  61.92
1910-1919        1      0.01502  0.01491  0.48   89482    1334   88782  6099858  68.17
1910-1919        2      0.00615  0.00613  0.50   88148     540   87875  6011075  68.19
1910-1919        3      0.00365  0.00364  0.49   87608     319   87446  5923200  67.61
1910-1919        4      0.00296  0.00295  0.50   87288     258   87158  5835754  66.86
1910-1919        5      0.00253  0.00253  0.50   87031     220   86920  5748596  66.05
1910-1919        6      0.00192  0.00192  0.51   86811     167   86728  5661676  65.22
1910-1919        7      0.00187  0.00186  0.50   86644     162   86563  5574948  64.34
1910-1919        8      0.00162  0.00162  0.50   86482     140   86412  5488385  63.46
1910-1919        9      0.00143  0.00143  0.50   86342     123   86281  5401973  62.56
1910-1919       10      0.00124  0.00124  0.50   86219     107   86165  5315692  61.65
1910-1919       11      0.00114  0.00114  0.51   86112      98   86064  5229526  60.73
1910-1919       12      0.00104  0.00104  0.50   86014      89   85970  5143462  59.80
1910-1919       13      0.00116  0.00116  0.50   85925     100   85875  5057492  58.86
1910-1919       14      0.00130  0.00130  0.51   85825     112   85771  4971617  57.93
1910-1919       15      0.00154  0.00153  0.51   85714     132   85649  4885846  57.00
1910-1919       16      0.00176  0.00176  0.50   85582     150   85507  4800197  56.09
1910-1919       17      0.00207  0.00206  0.51   85432     176   85345  4714689  55.19
1910-1919       18      0.00222  0.00222  0.50   85256     189   85162  4629344  54.30
1910-1919       19      0.00222  0.00221  0.50   85067     188   84972  4544183  53.42
1910-1919       20      0.00248  0.00248  0.51   84878     210   84775  4459210  52.54
1910-1919       21      0.00234  0.00233  0.51   84668     198   84570  4374435  51.67
1910-1919       22      0.00209  0.00208  0.50   84471     176   84382  4289865  50.79
1910-1919       23      0.00195  0.00194  0.49   84295     164   84211  4205483  49.89
1910-1919       24      0.00212  0.00212  0.50   84131     178   84042  4121272  48.99
1910-1919       25      0.00206  0.00206  0.51   83952     173   83868  4037230  48.09
1910-1919       26      0.00228  0.00228  0.50   83779     191   83684  3953362  47.19
1910-1919       27      0.00220  0.00220  0.51   83588     184   83498  3869678  46.29
1910-1919       28      0.00216  0.00216  0.51   83405     180   83317  3786180  45.40
1910-1919       29      0.00197  0.00197  0.50   83225     164   83143  3702863  44.49
1910-1919       30      0.00207  0.00207  0.50   83060     172   82975  3619720  43.58
1910-1919       31      0.00209  0.00208  0.50   82889     173   82803  3536745  42.67
1910-1919       32      0.00200  0.00199  0.51   82716     165   82635  3453942  41.76
1910-1919       33      0.00213  0.00213  0.50   82551     176   82464  3371307  40.84
1910-1919       34      0.00190  0.00190  0.50   82375     157   82297  3288843  39.93
1910-1919       35      0.00200  0.00200  0.50   82219     164   82136  3206546  39.00
1910-1919       36      0.00197  0.00197  0.51   82054     162   81975  3124410  38.08
1910-1919       37      0.00189  0.00189  0.50   81893     155   81816  3042435  37.15
1910-1919       38      0.00202  0.00202  0.50   81738     165   81655  2960620  36.22
1910-1919       39      0.00206  0.00206  0.49   81573     168   81488  2878965  35.29
1910-1919       40      0.00229  0.00229  0.50   81405     186   81312  2797477  34.36
1910-1919       41      0.00239  0.00239  0.50   81219     194   81122  2716165  33.44
1910-1919       42      0.00274  0.00274  0.50   81025     222   80914  2635043  32.52
1910-1919       43      0.00292  0.00292  0.50   80803     236   80686  2554129  31.61
1910-1919       44      0.00305  0.00305  0.51   80567     245   80446  2473443  30.70
1910-1919       45      0.00349  0.00349  0.50   80322     280   80181  2392997  29.79
1910-1919       46      0.00378  0.00377  0.51   80042     302   79893  2312816  28.90
1910-1919       47      0.00450  0.00449  0.51   79740     358   79564  2232923  28.00
1910-1919       48      0.00477  0.00476  0.51   79382     378   79196  2153359  27.13
1910-1919       49      0.00532  0.00531  0.51   79004     420   78799  2074163  26.25
1910-1919       50      0.00585  0.00583  0.50   78585     458   78356  1995364  25.39
1910-1919       51      0.00685  0.00682  0.51   78127     533   77864  1917008  24.54
1910-1919       52      0.00752  0.00750  0.50   77593     582   77305  1839144  23.70
1910-1919       53      0.00837  0.00833  0.50   77012     642   76692  1761839  22.88
1910-1919       54      0.00944  0.00939  0.50   76370     717   76015  1685147  22.07
1910-1919       55      0.01038  0.01033  0.50   75653     782   75260  1609132  21.27
1910-1919       56      0.01148  0.01142  0.50   74871     855   74445  1533872  20.49
1910-1919       57      0.01296  0.01288  0.50   74016     953   73541  1459427  19.72
1910-1919       58      0.01424  0.01414  0.51   73063    1033   72552  1385885  18.97
1910-1919       59      0.01556  0.01544  0.50   72030    1112   71478  1313333  18.23
1910-1919       60      0.01714  0.01700  0.51   70917    1206   70322  1241856  17.51
1910-1919       61      0.01945  0.01927  0.50   69712    1343   69046  1171534  16.81
1910-1919       62      0.02105  0.02083  0.50   68369    1424   67656  1102487  16.13
1910-1919       63      0.02327  0.02300  0.50   66945    1540   66172  1034831  15.46
1910-1919       64      0.02507  0.02476  0.50   65405    1619   64601   968659  14.81
1910-1919       65      0.02717  0.02681  0.50   63785    1710   62930   904058  14.17
1910-1919       66      0.03051  0.03006  0.51   62075    1866   61152   841127  13.55
1910-1919       67      0.03274  0.03221  0.50   60210    1939   59243   779975  12.95
1910-1919       68      0.03588  0.03525  0.50   58270    2054   57246   720732  12.37
1910-1919       69      0.03835  0.03763  0.50   56216    2115   55161   663487  11.80
1910-1919       70      0.04231  0.04143  0.50   54101    2241   52973   608326  11.24
1910-1919       71      0.04630  0.04526  0.50   51859    2347   50689   555353  10.71
1910-1919       72      0.04959  0.04840  0.50   49512    2396   48316   504663  10.19
1910-1919       73      0.05438  0.05294  0.50   47116    2494   45869   456347   9.69
1910-1919       74      0.05868  0.05701  0.50   44622    2544   43352   410478   9.20
1910-1919       75      0.06466  0.06264  0.50   42078    2636   40764   367125   8.72
1910-1919       76      0.07053  0.06813  0.50   39442    2687   38102   326361   8.27
1910-1919       77      0.07696  0.07411  0.50   36755    2724   35396   288259   7.84
1910-1919       78      0.08372  0.08036  0.50   34031    2735   32665   252863   7.43
1910-1919       79      0.09035  0.08646  0.50   31296    2706   29949   220198   7.04
1910-1919       80      0.09665  0.09218  0.50   28590    2636   27269   190250   6.65
1910-1919       81      0.10568  0.10039  0.50   25954    2606   24656   162981   6.28
1910-1919       82      0.11600  0.10968  0.50   23349    2561   22078   138325   5.92
1910-1919       83      0.12329  0.11612  0.50   20788    2414   19580   116247   5.59
1910-1919       84      0.13580  0.12716  0.50   18374    2336   17205    96667   5.26
1910-1919       85      0.14456  0.13483  0.50   16038    2162   14959    79462   4.95
1910-1919       86      0.15876  0.14711  0.50   13875    2041   12857    64503   4.65
1910-1919       87      0.16908  0.15594  0.50   11834    1845   10914    51646   4.36
1910-1919       88      0.18244  0.16728  0.50    9989    1671    9158    40731   4.08
1910-1919       89      0.20710  0.18766  0.50    8318    1561    7537    31573   3.80
1910-1919       90      0.22533  0.20242  0.50    6757    1368    6070    24036   3.56
1910-1919       91      0.24535  0.21860  0.50    5389    1178    4801    17966   3.33
1910-1919       92      0.27005  0.23798  0.50    4211    1002    3711    13164   3.13
1910-1919       93      0.28602  0.25012  0.50    3209     803    2806     9454   2.95
1910-1919       94      0.30029  0.26112  0.50    2406     628    2092     6647   2.76
1910-1919       95      0.33586  0.28736  0.50    1778     511    1521     4555   2.56
1910-1919       96      0.37374  0.31474  0.50    1267     399    1067     3034   2.39
1910-1919       97      0.40910  0.33973  0.50     868     295     721     1967   2.27
1910-1919       98      0.41607  0.34464  0.50     573     198     475     1246   2.17
1910-1919       99      0.43623  0.35945  0.51     376     135     310      771   2.05
1910-1919      100      0.46758  0.37795  0.49     241      91     195      461   1.92
1910-1919      101      0.56156  0.43494  0.48     150      65     116      267   1.78
1910-1919      102      0.47310  0.37999  0.48      85      32      68      151   1.78
1910-1919      103      0.62723  0.47640  0.50      52      25      40       83   1.58
1910-1919      104      0.53814  0.42080  0.48      27      12      21       43   1.57
1910-1919      105      0.76993  0.57709  0.57      16       9      12       22   1.36
1910-1919      106      0.79773  0.57143  0.50       7       4       5       10   1.43
1910-1919      107      0.37417  0.33333  0.67       3       1       3        5   1.67
1910-1919      108      0.59855  0.50000  0.67       2       1       2        2   1.17
1910-1919      109      1.49381  1.00000  0.67       1       1       1        1   0.67
1910-1919      110+           .        .     .       0       0       0        0      .
1920-1925        0      0.09990  0.09336  0.30  100000    9336   93456  6393224  63.93
1920-1925        1      0.01158  0.01151  0.49   90664    1044   90130  6299767  69.49
1920-1925        2      0.00437  0.00436  0.50   89620     391   89426  6209637  69.29
1920-1925        3      0.00280  0.00279  0.50   89229     249   89105  6120212  68.59
1920-1925        4      0.00211  0.00211  0.50   88980     188   88886  6031107  67.78
1920-1925        5      0.00153  0.00153  0.49   88792     136   88723  5942221  66.92
1920-1925        6      0.00162  0.00162  0.51   88656     143   88586  5853498  66.02
1920-1925        7      0.00133  0.00133  0.50   88513     118   88454  5764912  65.13
1920-1925        8      0.00108  0.00108  0.50   88395      96   88347  5676458  64.22
1920-1925        9      0.00119  0.00119  0.50   88300     105   88247  5588111  63.29
1920-1925       10      0.00121  0.00121  0.52   88195     107   88144  5499863  62.36
1920-1925       11      0.00097  0.00097  0.50   88088      86   88046  5411719  61.44
1920-1925       12      0.00090  0.00090  0.52   88002      80   87964  5323674  60.49
1920-1925       13      0.00096  0.00096  0.48   87923      85   87879  5235710  59.55
1920-1925       14      0.00124  0.00124  0.50   87838     109   87784  5147830  58.61
1920-1925       15      0.00113  0.00113  0.50   87729      99   87680  5060046  57.68
1920-1925       16      0.00116  0.00116  0.52   87630     102   87581  4972367  56.74
1920-1925       17      0.00133  0.00133  0.50   87528     116   87470  4884786  55.81
1920-1925       18      0.00161  0.00161  0.52   87412     141   87344  4797317  54.88
1920-1925       19      0.00173  0.00173  0.52   87271     151   87198  4709972  53.97
1920-1925       20      0.00211  0.00211  0.52   87120     184   87033  4622774  53.06
1920-1925       21      0.00231  0.00230  0.51   86936     200   86838  4535741  52.17
1920-1925       22      0.00236  0.00236  0.51   86736     205   86635  4448903  51.29
1920-1925       23      0.00214  0.00214  0.51   86531     185   86440  4362269  50.41
1920-1925       24      0.00231  0.00231  0.50   86346     199   86246  4275828  49.52
1920-1925       25      0.00179  0.00179  0.48   86147     154   86067  4189582  48.63
1920-1925       26      0.00151  0.00151  0.48   85993     130   85925  4103516  47.72
1920-1925       27      0.00140  0.00140  0.48   85862     120   85800  4017590  46.79
1920-1925       28      0.00156  0.00155  0.51   85742     133   85677  3931790  45.86
1920-1925       29      0.00149  0.00149  0.51   85609     127   85546  3846114  44.93
1920-1925       30      0.00141  0.00141  0.50   85482     121   85421  3760567  43.99
1920-1925       31      0.00135  0.00135  0.49   85361     115   85302  3675146  43.05
1920-1925       32      0.00131  0.00131  0.48   85246     112   85188  3589844  42.11
1920-1925       33      0.00135  0.00135  0.50   85134     115   85076  3504656  41.17
1920-1925       34      0.00163  0.00163  0.49   85019     138   84948  3419580  40.22
1920-1925       35      0.00136  0.00136  0.51   84881     115   84825  3334632  39.29
1920-1925       36      0.00154  0.00154  0.50   84765     131   84700  3249807  38.34
1920-1925       37      0.00168  0.00168  0.50   84635     142   84564  3165107  37.40
1920-1925       38      0.00181  0.00181  0.49   84493     153   84415  3080543  36.46
1920-1925       39      0.00215  0.00214  0.49   84340     181   84248  2996129  35.52
1920-1925       40      0.00233  0.00233  0.50   84159     196   84061  2911881  34.60
1920-1925       41      0.00242  0.00242  0.50   83963     203   83861  2827820  33.68
1920-1925       42      0.00259  0.00258  0.50   83759     216   83651  2743958  32.76
1920-1925       43      0.00299  0.00299  0.50   83543     249   83419  2660307  31.84
1920-1925       44      0.00320  0.00320  0.51   83294     266   83163  2576888  30.94
1920-1925       45      0.00375  0.00375  0.50   83027     311   82872  2493726  30.04
1920-1925       46      0.00420  0.00419  0.50   82716     346   82542  2410854  29.15
1920-1925       47      0.00449  0.00448  0.50   82370     369   82184  2328312  28.27
1920-1925       48      0.00514  0.00513  0.51   82001     421   81794  2246127  27.39
1920-1925       49      0.00594  0.00593  0.50   81580     483   81341  2164333  26.53
1920-1925       50      0.00673  0.00671  0.51   81097     544   80828  2082992  25.69
1920-1925       51      0.00757  0.00754  0.49   80553     607   80244  2002164  24.86
1920-1925       52      0.00809  0.00806  0.49   79945     644   79619  1921920  24.04
1920-1925       53      0.00922  0.00918  0.50   79301     728   78939  1842300  23.23
1920-1925       54      0.00995  0.00990  0.50   78573     778   78185  1763361  22.44
1920-1925       55      0.01081  0.01076  0.51   77795     837   77381  1685176  21.66
1920-1925       56      0.01145  0.01139  0.50   76958     876   76521  1607795  20.89
1920-1925       57      0.01351  0.01342  0.50   76082    1021   75575  1531273  20.13
1920-1925       58      0.01455  0.01445  0.51   75061    1085   74525  1455698  19.39
1920-1925       59      0.01669  0.01655  0.50   73976    1224   73367  1381173  18.67
1920-1925       60      0.01792  0.01776  0.50   72752    1292   72105  1307806  17.98
1920-1925       61      0.01902  0.01884  0.50   71460    1346   70793  1235701  17.29
1920-1925       62      0.02095  0.02073  0.51   70113    1454   69394  1164908  16.61
1920-1925       63      0.02327  0.02301  0.50   68660    1580   67874  1095514  15.96
1920-1925       64      0.02513  0.02482  0.50   67080    1665   66254  1027640  15.32
1920-1925       65      0.02765  0.02727  0.50   65415    1784   64524   961386  14.70
1920-1925       66      0.02866  0.02826  0.50   63631    1798   62740   896862  14.09
1920-1925       67      0.03238  0.03186  0.50   61833    1970   60847   834122  13.49
1920-1925       68      0.03401  0.03345  0.51   59863    2002   58872   773275  12.92
1920-1925       69      0.03845  0.03773  0.50   57860    2183   56777   714403  12.35
1920-1925       70      0.04112  0.04029  0.50   55677    2243   54555   657626  11.81
1920-1925       71      0.04398  0.04304  0.50   53434    2300   52291   603071  11.29
1920-1925       72      0.04858  0.04742  0.50   51135    2425   49917   550781  10.77
1920-1925       73      0.05190  0.05059  0.50   48710    2464   47483   500864  10.28
1920-1925       74      0.05567  0.05416  0.50   46245    2505   44991   453381   9.80
1920-1925       75      0.06023  0.05846  0.50   43741    2557   42458   408390   9.34
1920-1925       76      0.06386  0.06190  0.50   41183    2549   39921   365932   8.89
1920-1925       77      0.06812  0.06589  0.50   38634    2546   37372   326011   8.44
1920-1925       78      0.07482  0.07215  0.51   36089    2604   34800   288640   8.00
1920-1925       79      0.08149  0.07832  0.50   33485    2622   32184   253840   7.58
1920-1925       80      0.08642  0.08286  0.50   30862    2557   29590   221656   7.18
1920-1925       81      0.09302  0.08890  0.50   28305    2516   27052   192066   6.79
1920-1925       82      0.09999  0.09522  0.50   25789    2456   24559   165014   6.40
1920-1925       83      0.11111  0.10530  0.50   23333    2457   22114   140455   6.02
1920-1925       84      0.11677  0.11043  0.51   20876    2305   19743   118340   5.67
1920-1925       85      0.12763  0.11996  0.50   18571    2228   17454    98597   5.31
1920-1925       86      0.14072  0.13150  0.50   16343    2149   15273    81143   4.96
1920-1925       87      0.15442  0.14339  0.50   14194    2035   13179    65870   4.64
1920-1925       88      0.16758  0.15469  0.50   12159    1881   11224    52690   4.33
1920-1925       89      0.18603  0.17038  0.51   10278    1751    9413    41467   4.03
1920-1925       90      0.19324  0.17621  0.50    8527    1502    7775    32054   3.76
1920-1925       91      0.22490  0.20220  0.50    7024    1420    6315    24278   3.46
1920-1925       92      0.25920  0.22974  0.51    5604    1287    4967    17963   3.21
1920-1925       93      0.27493  0.24197  0.50    4316    1044    3799    12996   3.01
1920-1925       94      0.28270  0.24744  0.50    3272     810    2864     9197   2.81
1920-1925       95      0.32663  0.28071  0.50    2462     691    2116     6333   2.57
1920-1925       96      0.36958  0.31173  0.50    1771     552    1494     4217   2.38
1920-1925       97      0.42590  0.35171  0.50    1219     429    1007     2723   2.23
1920-1925       98      0.41654  0.34556  0.51     790     273     656     1716   2.17
1920-1925       99      0.44032  0.36217  0.51     517     187     425     1061   2.05
1920-1925      100      0.45587  0.37055  0.49     330     122     268      635   1.93
1920-1925      101      0.56156  0.43494  0.48     208      90     161      367   1.77
1920-1925      102      0.49640  0.39583  0.49     117      46      94      206   1.76
1920-1925      103      0.62567  0.47727  0.50      71      34      54      113   1.59
1920-1925      104      0.49429  0.39024  0.46      37      14      29       59   1.58
1920-1925      105      0.82102  0.60870  0.58      23      14      17       29   1.30
1920-1925      106      0.79773  0.57143  0.50       9       5       6       13   1.43
1920-1925      107      0.37417  0.33333  0.67       4       1       3        6   1.67
1920-1925      108      0.59855  0.50000  0.67       3       1       2        3   1.17
1920-1925      109      1.49381  1.00000  0.67       1       1       1        1   0.67
1920-1925      110+           .        .     .       0       0       0        0      .