Year,Age,mx,qx,ax,lx,dx,Lx,Tx,ex,Sex,Country,Prob,logProb,CP,Haz
1835-1839,0,0.22647,0.19545,0.30,100000,19545,86301,4291156,42.91,Male,Denmark,1,0,1,0
1835-1839,5,0.00754,0.00751,0.50,72647,546,72374,3903644,53.73,Male,Denmark,0.72647,-0.31955809069915697,0.72647,0.0639116181398314
1835-1839,10,0.00629,0.00627,0.51,70065,440,69848,3547016,50.62,Male,Denmark,0.70065,-0.35574680336591036,0.9644582708164137,0.007237742533350677
1835-1839,15,0.00450,0.00450,0.51,68294,307,68144,3201474,46.88,Male,Denmark,0.68294,-0.38134827100078517,0.9747234710625847,0.005120293526974962
1835-1839,20,0.00690,0.00688,0.50,66536,458,66306,2864122,43.05,Male,Denmark,0.66536,-0.40742703142170505,0.9742583535888951,0.005215752084183978
1835-1839,25,0.00850,0.00847,0.50,64161,543,63889,2537319,39.55,Male,Denmark,0.64161,-0.44377463651638055,0.9643050378742335,0.007269521018935099
1835-1839,30,0.00703,0.00701,0.50,61633,432,61415,2223063,36.07,Male,Denmark,0.61633,-0.4839727446065733,0.9605991178441733,0.008039621618038551
1835-1839,35,0.00859,0.00856,0.50,59417,508,59165,1920356,32.32,Male,Denmark,0.59417,-0.5205898052793556,0.9640452355069524,0.007323412134556462
1835-1839,40,0.00980,0.00975,0.50,56806,554,56531,1629744,28.69,Male,Denmark,0.56806,-0.5655282320370261,0.9560563475099719,0.008987685351534092
1835-1839,45,0.01168,0.01161,0.50,53917,626,53607,1352798,25.09,Male,Denmark,0.53917,-0.6177243589140855,0.949142696194064,0.010439225375411887
1835-1839,50,0.01483,0.01472,0.50,50591,745,50222,1091307,21.57,Male,Denmark,0.50591,-0.6813964911272837,0.9383125915759408,0.012734426442639646
1835-1839,55,0.02013,0.01993,0.50,46519,927,46059,848148,18.23,Male,Denmark,0.46519,-0.7653093546993693,0.9195113755411042,0.016782572714417122
1835-1839,60,0.02624,0.02590,0.51,41743,1081,41210,627317,15.03,Male,Denmark,0.41743,-0.8736384134191777,0.8973322728347557,0.02166581174396167
1835-1839,65,0.03747,0.03679,0.51,35926,1322,35272,432746,12.05,Male,Denmark,0.35926,-1.0237089186414474,0.8606472941571042,0.030014101044453945
1835-1839,70,0.05534,0.05387,0.51,28822,1553,28054,270390,9.38,Male,Denmark,0.28822,-1.2440312015719217,0.8022602015253577,0.044064456586094855
1835-1839,75,0.08571,0.08224,0.51,20793,1710,19952,146103,7.03,Male,Denmark,0.20793,-1.5705537943841341,0.7214280757754493,0.06530451856244249
1835-1839,80,0.13529,0.12679,0.50,12321,1562,11546,63488,5.15,Male,Denmark,0.12321,-2.0938650623455604,0.5925551868417256,0.10466225359228525
1835-1839,85,0.21596,0.19478,0.50,5439,1059,4905,19916,3.66,Male,Denmark,0.05439,-2.911574965547268,0.44144144144144143,0.16354198064034148
1835-1839,90,0.31288,0.26999,0.49,1465,396,1264,3890,2.66,Male,Denmark,0.01465,-4.2233149435190604,0.2693509836366979,0.2623479955943585
1835-1839,95,0.44876,0.36764,0.51,210,77,172,423,2.01,Male,Denmark,0.0021,-6.16581793425276,0.14334470989761092,0.38850059814673993
1835-1839,100,0.71537,0.52417,0.49,18,9,13,21,1.19,Male,Denmark,1.8e-4,-8.622553707074063,0.08571428571428572,0.4913471545642606
1835-1839,105,.,.,.,0,0,0,0,.,Male,Denmark,0,-Inf,0,Inf
1840-1849,0,0.23729,0.20346,0.30,100000,20346,85740,4289978,42.90,Male,Denmark,1,0,1,0
1840-1849,5,0.01084,0.01079,0.50,72090,778,71701,3904618,54.16,Male,Denmark,0.7209,-0.32725484757160417,0.7209,0.06545096951432083
1840-1849,10,0.00605,0.00603,0.50,69025,416,68818,3552574,51.47,Male,Denmark,0.69025,-0.3707014281718732,0.9574837009293938,0.008689316120053803
1840-1849,15,0.00472,0.00471,0.51,67251,317,67095,3212142,47.76,Male,Denmark,0.67251,-0.39673829772822267,0.9742991669684897,0.005207373911269897
1840-1849,20,0.00696,0.00693,0.50,65453,454,65225,2880134,44.00,Male,Denmark,0.65453,-0.4238378581662188,0.9732643380767573,0.005419912087599221
1840-1849,25,0.00712,0.00709,0.50,62971,447,62746,2558968,40.64,Male,Denmark,0.62971,-0.46249588303548206,0.9620796602141996,0.007731604973852657
1840-1849,30,0.00656,0.00654,0.50,60907,398,60708,2249413,36.93,Male,Denmark,0.60907,-0.4958220753488907,0.9672230074161122,0.006665238462681733
1840-1849,35,0.00751,0.00748,0.50,58817,440,58598,1950007,33.15,Male,Denmark,0.58817,-0.5307392572231263,0.9656853891999277,0.006983436374847119
1840-1849,40,0.00888,0.00885,0.50,56507,500,56258,1661567,29.40,Male,Denmark,0.56507,-0.5708056617045901,0.9607256405461007,0.008013280896292763
1840-1849,45,0.01074,0.01069,0.50,53875,576,53588,1385462,25.72,Male,Denmark,0.53875,-0.6185036375641796,0.9534216999663758,0.009539595171917891
1840-1849,50,0.01394,0.01385,0.50,50762,703,50414,1123613,22.13,Male,Denmark,0.50762,-0.6780221428148767,0.9422180974477958,0.011903701050139427
1840-1849,55,0.01820,0.01803,0.50,46972,847,46551,878991,18.71,Male,Denmark,0.46972,-0.7556185064852566,0.9253378511484969,0.015519272734075985
1840-1849,60,0.02445,0.02415,0.50,42331,1023,41824,655310,15.48,Male,Denmark,0.42331,-0.8596505078269048,0.9011964574640211,0.02080640026832963
1840-1849,65,0.03476,0.03417,0.50,36771,1256,36147,457053,12.43,Male,Denmark,0.36771,-1.0004606949609536,0.868654177789327,0.028162037426809762
1840-1849,70,0.05008,0.04886,0.50,30017,1467,29290,289611,9.65,Male,Denmark,0.30017,-1.2034062981541964,0.8163226455630797,0.04058912063864857
1840-1849,75,0.08102,0.07790,0.51,22160,1726,21307,158657,7.16,Male,Denmark,0.2216,-1.5068813241090084,0.7382483259486291,0.0606950051909624
1840-1849,80,0.13513,0.12665,0.50,13527,1713,12678,69273,5.12,Male,Denmark,0.13527,-2.0004824978810345,0.6104241877256318,0.09872023475440521
1840-1849,85,0.21347,0.19310,0.51,5911,1141,5347,21699,3.67,Male,Denmark,0.05911,-2.828355164145859,0.43697789605973236,0.16557453325296487
1840-1849,90,0.32728,0.28078,0.49,1638,460,1405,4289,2.62,Male,Denmark,0.01638,-4.1116942005572135,0.2771104720013534,0.2566678072822709
1840-1849,95,0.44727,0.36326,0.48,229,83,186,438,1.91,Male,Denmark,0.00229,-6.079203461415989,0.1398046398046398,0.39350185217175504
1840-1849,100,1.09882,0.68865,0.46,15,10,9,14,0.93,Male,Denmark,1.5e-4,-8.804875263868018,0.06550218340611354,0.5451343604904059
1840-1849,105,.,.,.,0,0,0,0,.,Male,Denmark,0,-Inf,0,Inf
1850-1859,0,0.19234,0.16949,0.30,100000,16949,88120,4473960,44.74,Male,Denmark,1,0,1,0
1850-1859,5,0.01345,0.01336,0.51,74902,1001,74409,4073660,54.39,Male,Denmark,0.74902,-0.2889895935517239,0.74902,0.05779791871034477
1850-1859,10,0.00673,0.00671,0.50,71026,476,70789,3710034,52.23,Male,Denmark,0.71026,-0.34212417879750123,0.9482523831139356,0.010626917049155471
1850-1859,15,0.00470,0.00469,0.50,69059,324,68898,3360173,48.66,Male,Denmark,0.69059,-0.37020897429326144,0.9723059161433841,0.005616959099152041
1850-1859,20,0.00666,0.00664,0.50,67279,447,67055,3019108,44.87,Male,Denmark,0.67279,-0.39632203369188423,0.9742249380964103,0.005222611879724559
1850-1859,25,0.00675,0.00673,0.50,64899,437,64678,2688598,41.43,Male,Denmark,0.64899,-0.4323379707172496,0.9646249201088006,0.007203187405073075
1850-1859,30,0.00619,0.00617,0.50,62903,388,62708,2369236,37.66,Male,Denmark,0.62903,-0.46357632866547804,0.9692445184055224,0.006247671589645687
1850-1859,35,0.00743,0.00741,0.50,60830,451,60605,2059778,33.86,Male,Denmark,0.6083,-0.4970870976554775,0.96704449708281,0.006702153797999888
1850-1859,40,0.00838,0.00834,0.50,58494,488,58252,1761398,30.11,Male,Denmark,0.58494,-0.5362460011129019,0.961597895775111,0.00783178069148488
1850-1859,45,0.01027,0.01021,0.50,55887,571,55604,1475271,26.40,Male,Denmark,0.55887,-0.5818383910124102,0.9554313262898759,0.009118477979901663
1850-1859,50,0.01257,0.01249,0.50,52843,660,52514,1203247,22.77,Male,Denmark,0.52843,-0.6378449327752903,0.9455329504178074,0.011201308352576022
1850-1859,55,0.01660,0.01646,0.50,49291,811,48888,947626,19.23,Male,Denmark,0.49291,-0.7074286773857148,0.9327820146471624,0.013916748922084898
1850-1859,60,0.02196,0.02172,0.50,44855,974,44369,711883,15.87,Male,Denmark,0.44855,-0.8017351209768445,0.9100038546590655,0.018861288718225944
1850-1859,65,0.03175,0.03126,0.51,39509,1235,38898,500440,12.67,Male,Denmark,0.39509,-0.9286416919331858,0.8808159625459815,0.025381314191268257
1850-1859,70,0.04728,0.04619,0.50,32825,1516,32071,318938,9.72,Male,Denmark,0.32825,-1.1139797657992316,0.8308233567035359,0.03706761477320917
1850-1859,75,0.08124,0.07807,0.50,24358,1902,23411,175115,7.19,Male,Denmark,0.24358,-1.4123098483231726,0.742056359482102,0.0596660165047882
1850-1859,80,0.13316,0.12492,0.50,14785,1847,13869,77336,5.23,Male,Denmark,0.14785,-1.9115570326836508,0.6069874373922325,0.09984943687209565
1850-1859,85,0.20431,0.18557,0.51,6560,1217,5959,25126,3.83,Male,Denmark,0.0656,-2.7241795830320936,0.4436929320257017,0.16252451006968854
1850-1859,90,0.29661,0.25907,0.51,1903,493,1662,5394,2.83,Male,Denmark,0.01903,-3.961738597674079,0.29009146341463415,0.24751180292839708
1850-1859,95,0.44621,0.36671,0.51,316,116,260,688,2.17,Male,Denmark,0.00316,-5.757183251383316,0.16605359957961113,0.35908893074184745
1850-1859,100,0.77193,0.56410,0.52,33,19,24,42,1.26,Male,Denmark,3.3e-4,-8.016417903503749,0.10443037974683544,0.4518469304240865
1850-1859,105,0.60000,0.50000,0.67,1,0,1,1,1.00,Male,Denmark,1e-5,-11.512925464970229,0.030303030303030304,0.699301512293296
1860-1869,0,0.16244,0.14583,0.30,100000,14583,89778,4735256,47.35,Male,Denmark,1,0,1,0
1860-1869,5,0.01210,0.01202,0.49,76714,922,76245,4325293,56.38,Male,Denmark,0.76714,-0.26508596493626135,0.76714,0.05301719298725227
1860-1869,10,0.00538,0.00537,0.51,73517,395,73322,3950901,53.74,Male,Denmark,0.73517,-0.3076535139962841,0.9583257293323253,0.00851350981200455
1860-1869,15,0.00441,0.00440,0.51,71802,316,71646,3587812,49.97,Male,Denmark,0.71802,-0.33125785516865713,0.9766720622441069,0.004720868234474607
1860-1869,20,0.00657,0.00655,0.50,70024,458,69794,3232988,46.17,Male,Denmark,0.70024,-0.3563321455579545,0.9752374585666137,0.005014858077859475
1860-1869,25,0.00637,0.00635,0.50,67653,430,67437,2888806,42.70,Male,Denmark,0.67653,-0.39077848645654023,0.9661401805095395,0.006889268179717145
1860-1869,30,0.00577,0.00575,0.50,65708,378,65519,2555571,38.89,Male,Denmark,0.65708,-0.41994950230913797,0.9712503510561247,0.005834203170519548
1860-1869,35,0.00642,0.00640,0.50,63739,408,63535,2231884,35.02,Male,Denmark,0.63739,-0.4503735658574584,0.9700340902173251,0.006084812709664089
1860-1869,40,0.00745,0.00742,0.50,61633,457,61405,1918373,31.13,Male,Denmark,0.61633,-0.4839727446065733,0.9669590046910055,0.0067198357498229775
1860-1869,45,0.00894,0.00890,0.50,59231,527,58970,1616098,27.28,Male,Denmark,0.59231,-0.5237251325055923,0.9610273717002256,0.007950477579803794
1860-1869,50,0.01096,0.01090,0.50,56408,615,56102,1326813,23.52,Male,Denmark,0.56408,-0.5725591935713519,0.9523391467305972,0.009766812213151921
1860-1869,55,0.01382,0.01372,0.50,53130,729,52765,1052774,19.81,Male,Denmark,0.5313,-0.6324284455252395,0.9418876755070202,0.01197385039077752
1860-1869,60,0.01961,0.01942,0.50,49210,956,48737,796538,16.19,Male,Denmark,0.4921,-0.7090733311102045,0.9262187088274044,0.015328977116993015
1860-1869,65,0.03147,0.03099,0.50,43792,1357,43116,563365,12.86,Male,Denmark,0.43792,-0.8257190336897682,0.889900426742532,0.023329140515912727
1860-1869,70,0.05014,0.04894,0.51,36294,1776,35421,362395,9.98,Male,Denmark,0.36294,-1.0135177476352593,0.8287815126050421,0.03755974278909822
1860-1869,75,0.07856,0.07560,0.50,26931,2036,25917,203860,7.57,Male,Denmark,0.26931,-1.3118921465454303,0.7420234749545379,0.05967487978203421
1860-1869,80,0.12320,0.11608,0.50,16858,1957,15883,94482,5.60,Male,Denmark,0.16858,-1.7803448644128008,0.6259700716646244,0.0936905435734741
1860-1869,85,0.18481,0.16928,0.50,8090,1370,7410,33150,4.10,Male,Denmark,0.0809,-2.514541454917691,0.4798908530074742,0.14683931810097803
1860-1869,90,0.29341,0.25588,0.50,2654,679,2314,7636,2.88,Male,Denmark,0.02654,-3.6291022500780756,0.3280593325092707,0.22291215903207692
1860-1869,95,0.46903,0.37912,0.49,464,176,375,950,2.05,Male,Denmark,0.00464,-5.373040912743973,0.17483044461190655,0.3487877325331795
1860-1869,100,0.70854,0.51087,0.45,39,20,28,55,1.42,Male,Denmark,3.9e-4,-7.849363818840582,0.08405172413793104,0.4952645812193218
1860-1869,105,0.00000,0.00000,0.50,1,0,1,3,3.00,Male,Denmark,1e-5,-11.512925464970229,0.02564102564102564,0.7327123292259292
1870-1879,0,0.16788,0.15020,0.30,100000,15020,89472,4996224,49.96,Male,Denmark,1,0,1,0
1870-1879,5,0.00995,0.00990,0.50,78185,774,77796,4583940,58.63,Male,Denmark,0.78185,-0.24609237269261772,0.78185,0.04921847453852354
1870-1879,10,0.00489,0.00488,0.50,75343,367,75160,4201032,55.76,Male,Denmark,0.75343,-0.2831191650319696,0.9636503165568843,0.007405358467870377
1870-1879,15,0.00452,0.00451,0.50,73689,332,73524,3828564,51.96,Male,Denmark,0.73689,-0.30531665166359023,0.9780470647571772,0.004439497326324126
1870-1879,20,0.00561,0.00560,0.50,71891,402,71689,3464464,48.19,Male,Denmark,0.71891,-0.33001910294856385,0.9756001574183393,0.004940490256994723
1870-1879,25,0.00502,0.00501,0.50,69886,350,69709,3110093,44.50,Male,Denmark,0.69886,-0.3583048429313037,0.9721105562587806,0.005657147996547973
1870-1879,30,0.00478,0.00477,0.50,68248,325,68084,2764838,40.51,Male,Denmark,0.68248,-0.3820220563816978,0.9765618292648027,0.004743442690078814
1870-1879,35,0.00534,0.00532,0.50,66578,355,66401,2427734,36.46,Male,Denmark,0.66578,-0.40679599334315975,0.9755304184738014,0.004954787392292393
1870-1879,40,0.00660,0.00658,0.50,64656,426,64443,2099479,32.47,Male,Denmark,0.64656,-0.4360892776519735,0.9711316050346962,0.005858656861762746
1870-1879,45,0.00680,0.00678,0.50,62621,424,62411,1781264,28.45,Male,Denmark,0.62621,-0.4680695008784708,0.9685257362039099,0.00639604464529947
1870-1879,50,0.00828,0.00824,0.50,60376,498,60128,1473574,24.41,Male,Denmark,0.60376,-0.5045785110055242,0.9641494067485349,0.007301802025410675
1870-1879,55,0.01232,0.01225,0.50,57523,704,57171,1178347,20.48,Male,Denmark,0.57523,-0.5529853181634596,0.9527461242877965,0.009681361431587088
1870-1879,60,0.01922,0.01904,0.51,53442,1017,52943,900310,16.85,Male,Denmark,0.53442,-0.6265732323103039,0.9290544651704535,0.014717582829368858
1870-1879,65,0.02844,0.02804,0.50,47723,1338,47054,646654,13.55,Male,Denmark,0.47723,-0.7397567240118574,0.8929867894165637,0.0226366983403107
1870-1879,70,0.04318,0.04227,0.50,40239,1701,39392,425924,10.58,Male,Denmark,0.40239,-0.9103335114000284,0.8431783416801123,0.03411535747763419
1870-1879,75,0.06798,0.06574,0.50,30982,2037,29961,247109,7.98,Male,Denmark,0.30982,-1.1717637953039202,0.7699495514302045,0.052286056780778356
1870-1879,80,0.11208,0.10616,0.50,20439,2170,19360,118230,5.78,Male,Denmark,0.20439,-1.5877253455284506,0.6597056355303079,0.08319231004490608
1870-1879,85,0.18566,0.16996,0.50,10226,1738,9361,42293,4.14,Male,Denmark,0.10226,-2.280236689330284,0.5003180194725769,0.13850226876036667
1870-1879,90,0.27614,0.24257,0.50,3341,810,2935,10248,3.07,Male,Denmark,0.03341,-3.398900022613472,0.32671621357324465,0.22373266665663757
1870-1879,95,0.39374,0.32808,0.49,665,218,554,1518,2.28,Male,Denmark,0.00665,-5.013138424314374,0.1990422029332535,0.3228476803401805
1870-1879,100,0.47872,0.38660,0.50,70,27,57,118,1.68,Male,Denmark,7e-4,-7.264430222920869,0.10526315789473684,0.45025835972129896
1870-1879,105,1.00000,0.66667,0.50,2,1,1,3,1.17,Male,Denmark,2e-5,-10.819778284410283,0.02857142857142857,0.7110696122978828
1880-1889,0,0.16529,0.14813,0.30,100000,14813,89618,5193255,51.93,Male,Denmark,1,0,1,0
1880-1889,5,0.00947,0.00943,0.50,78743,742,78370,4778988,60.69,Male,Denmark,0.78743,-0.23898080112208928,0.78743,0.04779616022441786
1880-1889,10,0.00379,0.00379,0.50,76117,288,75972,4392868,57.71,Male,Denmark,0.76117,-0.27289855579239086,0.9666510038987592,0.006783550934060317
1880-1889,15,0.00316,0.00315,0.51,74893,236,74776,4015513,53.62,Male,Denmark,0.74893,-0.2891097577763086,0.9839194923604451,0.0032422403967835465
1880-1889,20,0.00425,0.00424,0.50,73553,312,73396,3644237,49.55,Male,Denmark,0.73553,-0.3071639511932785,0.9821078071381838,0.0036108386833939798
1880-1889,25,0.00416,0.00415,0.50,71985,299,71834,3280402,45.57,Male,Denmark,0.71985,-0.32871242200977285,0.9786820388019524,0.004309694163298872
1880-1889,30,0.00545,0.00544,0.50,70416,383,70224,2924242,41.53,Male,Denmark,0.70416,-0.35074967591935574,0.9782037924567618,0.004407450781916578
1880-1889,35,0.00497,0.00495,0.50,68602,340,68430,2576786,37.56,Male,Denmark,0.68602,-0.3768484971622862,0.9742388093615088,0.005219764248586089
1880-1889,40,0.00449,0.00448,0.51,66997,300,66849,2237900,33.40,Male,Denmark,0.66997,-0.40052234371900874,0.9766041806361331,0.004734769311344511
1880-1889,45,0.00566,0.00564,0.51,65385,369,65204,1906818,29.16,Male,Denmark,0.65385,-0.4248773116296257,0.9759392211591564,0.004870993582123395
1880-1889,50,0.00797,0.00794,0.51,63297,502,63053,1584877,25.04,Male,Denmark,0.63297,-0.4573322513259907,0.968066070199587,0.006490987939272996
1880-1889,55,0.01167,0.01161,0.50,60371,701,60018,1275318,21.12,Male,Denmark,0.60371,-0.5046613287981461,0.9537734805756987,0.009465815494431073
1880-1889,60,0.01662,0.01649,0.50,56433,930,55970,982879,17.42,Male,Denmark,0.56433,-0.5721160922090981,0.9347700054662007,0.013490952682190405
1880-1889,65,0.02511,0.02480,0.50,51177,1269,50549,713279,13.94,Male,Denmark,0.51177,-0.6698799736215993,0.9068630056881611,0.01955277628250025
1880-1889,70,0.04087,0.04005,0.50,43965,1761,43081,474570,10.79,Male,Denmark,0.43965,-0.821776323157126,0.8590773198897942,0.030379269907105332
1880-1889,75,0.06718,0.06501,0.50,34220,2225,33116,278155,8.13,Male,Denmark,0.3422,-1.072359917524044,0.7783464119185716,0.05011671887338358
1880-1889,80,0.11138,0.10549,0.50,22431,2366,21245,135958,6.06,Male,Denmark,0.22431,-1.4947262553022032,0.6554938632378726,0.08447326755563185
1880-1889,85,0.16566,0.15291,0.50,11575,1770,10684,52027,4.49,Male,Denmark,0.11575,-2.1563225860157935,0.5160269270206411,0.13231926614271808
1880-1889,90,0.24530,0.21840,0.50,4296,938,3825,14122,3.29,Male,Denmark,0.04296,-3.147485828781528,0.37114470842332614,0.19823264855314687
1880-1889,95,0.38153,0.32060,0.50,966,310,812,2333,2.41,Male,Denmark,0.00966,-4.63976163075771,0.22486033519553073,0.29845516039523645
1880-1889,100,0.53100,0.42091,0.51,121,51,96,206,1.71,Male,Denmark,0.00121,-6.717134919373487,0.12525879917184266,0.41547465772315545
1880-1889,105,1.22727,0.75000,0.48,4,3,2,4,0.94,Male,Denmark,4e-5,-10.126631103850338,0.03305785123966942,0.6818992368953701
1890-1899,0,0.16653,0.14913,0.30,100000,14913,89548,5481044,54.81,Male,Denmark,1,0,1,0
1890-1899,5,0.00447,0.00446,0.49,80434,358,80253,5063624,62.95,Male,Denmark,0.80434,-0.21773321362193435,0.80434,0.043546642724386866
1890-1899,10,0.00215,0.00214,0.50,79120,170,79035,4665160,58.96,Male,Denmark,0.7912,-0.2342044986736347,0.9836636248352687,0.0032942570103400683
1890-1899,15,0.00239,0.00239,0.50,78321,187,78228,4271559,54.54,Male,Denmark,0.78321,-0.2443544197166027,0.9899014155712841,0.002029984208593605
1890-1899,20,0.00521,0.00520,0.50,77080,400,76878,3882689,50.37,Male,Denmark,0.7708,-0.26032634244192565,0.9841549520562812,0.003194384545064588
1890-1899,25,0.00486,0.00485,0.49,75166,365,74981,3502233,46.59,Male,Denmark,0.75166,-0.2854711849324003,0.9751686559418785,0.0050289684980949325
1890-1899,30,0.00318,0.00318,0.50,73595,234,73478,3130584,42.54,Male,Denmark,0.73595,-0.3065930973435414,0.9790995929010456,0.004224382482228217
1890-1899,35,0.00329,0.00329,0.50,72491,238,72373,2765390,38.15,Male,Denmark,0.72491,-0.32170776976424736,0.9849989809090292,0.003022934484141193
1890-1899,40,0.00397,0.00396,0.50,71236,282,71095,2405992,33.78,Male,Denmark,0.71236,-0.33917187737433213,0.9826875060352319,0.0034928215220169532
1890-1899,45,0.00490,0.00489,0.50,69742,341,69572,2053453,29.44,Male,Denmark,0.69742,-0.36036746720513163,0.9790274580268403,0.0042391179661599
1890-1899,50,0.00700,0.00698,0.50,67782,473,67545,1709390,25.22,Male,Denmark,0.67782,-0.3888735130152447,0.9718964182271802,0.005701209162022614
1890-1899,55,0.01028,0.01023,0.50,65109,666,64776,1376832,21.15,Male,Denmark,0.65109,-0.4291073974811329,0.9605647517039922,0.008046776893177643
1890-1899,60,0.01587,0.01575,0.50,61261,965,60779,1060298,17.31,Male,Denmark,0.61261,-0.49002676085120367,0.9408991076502481,0.012183872674014152
1890-1899,65,0.02655,0.02621,0.50,55523,1455,54797,767356,13.82,Male,Denmark,0.55523,-0.5883728366672252,0.9063351887824227,0.0196692151632043
1890-1899,70,0.04443,0.04347,0.50,47079,2047,46059,509733,10.83,Male,Denmark,0.47079,-0.753343144263398,0.8479188804639519,0.03299406151923456
1890-1899,75,0.06770,0.06548,0.50,35942,2353,34760,301448,8.39,Male,Denmark,0.35942,-1.023263657878261,0.7634401750249581,0.053984102722972604
1890-1899,80,0.10383,0.09872,0.50,23965,2366,22786,151549,6.32,Male,Denmark,0.23965,-1.4285757533764967,0.6667686828779701,0.08106241909964713
1890-1899,85,0.15848,0.14683,0.50,12901,1894,11953,60222,4.67,Male,Denmark,0.12901,-2.0478653582450916,0.538326726476111,0.12385792097371899
1890-1899,90,0.23320,0.20877,0.50,5026,1049,4500,17047,3.39,Male,Denmark,0.05026,-2.990545746866691,0.38958220293000545,0.1885360777243199
1890-1899,95,0.37252,0.31306,0.49,1224,383,1029,2888,2.36,Male,Denmark,0.01224,-4.403046001897957,0.24353362514922403,0.2825000510062532
1890-1899,100,0.54425,0.42708,0.50,142,61,111,244,1.72,Male,Denmark,0.00142,-6.557098407368968,0.11601307189542484,0.4308104810942021
1890-1899,105,0.81818,0.57143,0.47,6,4,4,9,1.48,Male,Denmark,6e-5,-9.721165995742174,0.04225352112676056,0.6328135176746412
1900-1909,0,0.14060,0.12799,0.30,100000,12799,91029,5872809,58.73,Male,Denmark,1,0,1,0
1900-1909,5,0.00273,0.00273,0.50,84342,230,84226,5440760,64.51,Male,Denmark,0.84342,-0.1702902244104076,0.84342,0.034058044882081515
1900-1909,10,0.00179,0.00179,0.50,83399,149,83324,5021596,60.21,Male,Denmark,0.83399,-0.18153386710294966,0.9888193308197577,0.0022487285385084156
1900-1909,15,0.00220,0.00220,0.50,82674,182,82583,4606410,55.72,Male,Denmark,0.82674,-0.19026502274827026,0.9913068502020408,0.0017462311290641185
1900-1909,20,0.00330,0.00329,0.50,81533,268,81399,4195677,51.46,Male,Denmark,0.81533,-0.20416233971892694,0.9861988049447227,0.002779463394131337
1900-1909,25,0.00269,0.00269,0.50,80317,216,80209,3791164,47.20,Male,Denmark,0.80317,-0.21918888133983275,0.9850857934823937,0.0030053083241811606
1900-1909,30,0.00256,0.00256,0.50,79291,203,79190,3392173,42.78,Male,Denmark,0.79291,-0.23204555685242695,0.9872256184867463,0.0025713351025188403
1900-1909,35,0.00254,0.00254,0.50,78326,199,78227,2998138,38.28,Male,Denmark,0.78326,-0.2442905819156656,0.9878296401861497,0.0024490050126477316
1900-1909,40,0.00301,0.00300,0.51,77214,232,77100,2609165,33.79,Male,Denmark,0.77214,-0.2585893982485085,0.9858029262313919,0.0028597632665685823
1900-1909,45,0.00417,0.00416,0.51,75894,316,75738,2226259,29.33,Male,Denmark,0.75894,-0.2758325560946317,0.9829046545963167,0.003448631569224636
1900-1909,50,0.00613,0.00611,0.50,74095,453,73867,1851023,24.98,Male,Denmark,0.74095,-0.29982213234594957,0.9762958863678288,0.004797915250263574
1900-1909,55,0.01067,0.01061,0.50,71327,757,70946,1486928,20.85,Male,Denmark,0.71327,-0.33789524862270415,0.9626425534786422,0.007614623255350917
1900-1909,60,0.01722,0.01708,0.50,66810,1141,66242,1140768,17.07,Male,Denmark,0.6681,-0.40331741605070537,0.9366719475093583,0.013084433485600244
1900-1909,65,0.02947,0.02904,0.50,59973,1742,59105,822704,13.72,Male,Denmark,0.59973,-0.511275725046376,0.8976650202065559,0.02159166179913412
1900-1909,70,0.04572,0.04470,0.50,50483,2257,49358,545654,10.81,Male,Denmark,0.50483,-0.6835335400439745,0.8417621262901639,0.0344515629995197
1900-1909,75,0.06965,0.06732,0.50,38535,2594,37246,322379,8.37,Male,Denmark,0.38535,-0.9536032667581347,0.7633262682487174,0.054013945342832034
1900-1909,80,0.10485,0.09966,0.50,25484,2540,24223,162292,6.37,Male,Denmark,0.25484,-1.3671193817338496,0.6613208771246918,0.08270322299514299
1900-1909,85,0.15228,0.14147,0.50,13852,1960,12869,65039,4.70,Male,Denmark,0.13852,-1.9767405594479157,0.5435567414848532,0.12192423554281322
1900-1909,90,0.24475,0.21797,0.50,5435,1185,4841,18255,3.36,Male,Denmark,0.05435,-2.9123106654149185,0.39236211377418423,0.18711402119340054
1900-1909,95,0.35467,0.30184,0.51,1280,386,1089,3128,2.44,Male,Denmark,0.0128,-4.358310108056566,0.23551057957681693,0.28919988852832945
1900-1909,100,0.47871,0.38686,0.50,145,56,117,278,1.91,Male,Denmark,0.00145,-6.536191722549654,0.11328125,0.4355763228986177
1900-1909,105,0.78739,0.58824,0.57,9,5,7,11,1.24,Male,Denmark,9e-5,-9.315700887634009,0.06206896551724138,0.5559018330168708
1910-1919,0,0.11356,0.10518,0.30,100000,10518,92628,6192485,61.92,Male,Denmark,1,0,1,0
1910-1919,5,0.00253,0.00253,0.50,87031,220,86920,5748596,66.05,Male,Denmark,0.87031,-0.13890580896197752,0.87031,0.027781161792395502
1910-1919,10,0.00124,0.00124,0.50,86219,107,86165,5315692,61.65,Male,Denmark,0.86219,-0.14827961497343084,0.9906699911525778,0.0018747612022906647
1910-1919,15,0.00154,0.00153,0.51,85714,132,85649,4885846,57.00,Male,Denmark,0.85714,-0.15415401316614719,0.9941428223477424,0.0011748796385432692
1910-1919,20,0.00248,0.00248,0.51,84878,210,84775,4459210,52.54,Male,Denmark,0.84878,-0.163955254636688,0.9902466341554472,0.0019602482941081635
1910-1919,25,0.00206,0.00206,0.51,83952,173,83868,4037230,48.09,Male,Denmark,0.83952,-0.17492497904373536,0.989090223615071,0.0021939448814094708
1910-1919,30,0.00207,0.00207,0.50,83060,172,82975,3619720,43.58,Male,Denmark,0.8306,-0.1856069477854839,0.9893748808843148,0.0021363937483497076
1910-1919,35,0.00200,0.00200,0.50,82219,164,82136,3206546,39.00,Male,Denmark,0.82219,-0.19578376708320086,0.9898747893089334,0.002035363859543393
1910-1919,40,0.00229,0.00229,0.50,81405,186,81312,2797477,34.36,Male,Denmark,0.81405,-0.20573348980461348,0.9900996120118221,0.0019899445442825236
1910-1919,45,0.00349,0.00349,0.50,80322,280,80181,2392997,29.79,Male,Denmark,0.80322,-0.21912662995627566,0.9866961488852036,0.002678628030332436
1910-1919,50,0.00585,0.00583,0.50,78585,458,78356,1995364,25.39,Male,Denmark,0.78585,-0.24098934445979858,0.9783745424665721,0.004372542900704585
1910-1919,55,0.01038,0.01033,0.50,75653,782,75260,1609132,21.27,Male,Denmark,0.75653,-0.27901309022805415,0.9626900808042247,0.007604749153651114
1910-1919,60,0.01714,0.01700,0.51,70917,1206,70322,1241856,17.51,Male,Denmark,0.70917,-0.34366000686123777,0.9373983847302817,0.012929383326636724
1910-1919,65,0.02717,0.02681,0.50,63785,1710,62930,904058,14.17,Male,Denmark,0.63785,-0.44965213299783796,0.8994317300506226,0.021198425227320038
1910-1919,70,0.04231,0.04143,0.50,54101,2241,52973,608326,11.24,Male,Denmark,0.54101,-0.614317516018133,0.8481774711922866,0.03293307660405901
1910-1919,75,0.06466,0.06264,0.50,42078,2636,40764,367125,8.72,Male,Denmark,0.42078,-0.865645147205263,0.7777675089185043,0.05026552623742599
1910-1919,80,0.09665,0.09218,0.50,28590,2636,27269,190250,6.65,Male,Denmark,0.2859,-1.252113179653871,0.6794524454584343,0.07729360648972158
1910-1919,85,0.14456,0.13483,0.50,16038,2162,14959,79462,4.95,Male,Denmark,0.16038,-1.8302092796032545,0.5609653725078699,0.11561921998987672
1910-1919,90,0.22533,0.20242,0.50,6757,1368,6070,24036,3.56,Male,Denmark,0.06757,-2.694591181418054,0.4213118842748472,0.17287638036295988
1910-1919,95,0.33586,0.28736,0.50,1778,511,1521,4555,2.56,Male,Denmark,0.01778,-4.029681048896379,0.26313452715702235,0.2670179734956649
1910-1919,100,0.46758,0.37795,0.49,241,91,195,461,1.92,Male,Denmark,0.00241,-6.028128531479574,0.13554555680539931,0.39968949651663904
1910-1919,105,0.76993,0.57709,0.57,16,9,12,22,1.36,Male,Denmark,1.6e-4,-8.740336742730447,0.06639004149377593,0.5424416422501747
1920-1925,0,0.09990,0.09336,0.30,100000,9336,93456,6393224,63.93,Male,Denmark,1,0,1,0
1920-1925,5,0.00153,0.00153,0.49,88792,136,88723,5942221,66.92,Male,Denmark,0.88792,-0.11887363013841294,0.88792,0.02377472602768259
1920-1925,10,0.00121,0.00121,0.52,88195,107,88144,5499863,62.36,Male,Denmark,0.88195,-0.12561991392465086,0.9932764212992161,0.0013492567572475828
1920-1925,15,0.00113,0.00113,0.50,87729,99,87680,5060046,57.68,Male,Denmark,0.87729,-0.13091766852213316,0.9947162537558819,0.0010595509194964603
1920-1925,20,0.00211,0.00211,0.52,87120,184,87033,4622774,53.06,Male,Denmark,0.8712,-0.13788370736338637,0.993058167766645,0.0013932077682506428
1920-1925,25,0.00179,0.00179,0.48,86147,154,86067,4189582,48.63,Male,Denmark,0.86147,-0.14911504660365585,0.9888314967860422,0.0022462678480538955
1920-1925,30,0.00141,0.00141,0.50,85482,121,85421,3760567,43.99,Male,Denmark,0.85482,-0.15686435852494185,0.9922806365863002,0.0015498623842572002
1920-1925,35,0.00136,0.00136,0.51,84881,115,84825,3334632,39.29,Male,Denmark,0.84881,-0.16391991041340312,0.9929692800823565,0.001411110377692254
1920-1925,40,0.00233,0.00233,0.50,84159,196,84061,2911881,34.60,Male,Denmark,0.84159,-0.1724623191985623,0.9914939739164241,0.0017084817570318378
1920-1925,45,0.00375,0.00375,0.50,83027,311,82872,2493726,30.04,Male,Denmark,0.83027,-0.1860043298856394,0.98654926983448,0.0027084021374154167
1920-1925,50,0.00673,0.00671,0.51,81097,544,80828,2082992,25.69,Male,Denmark,0.81097,-0.20952421691960235,0.9767545497247884,0.0047039774067925925
1920-1925,55,0.01081,0.01076,0.51,77795,837,77381,1685176,21.66,Male,Denmark,0.77795,-0.25109302422116525,0.9592833273733924,0.008313761460312579
1920-1925,60,0.01792,0.01776,0.50,72752,1292,72105,1307806,17.98,Male,Denmark,0.72751999999999994,-0.3181137889054367,0.9351757825053024,0.013404152936854286
1920-1925,65,0.02765,0.02727,0.50,65415,1784,64524,961386,14.70,Male,Denmark,0.65415,-0.4244185960252519,0.8991505388168023,0.021260961423963044
1920-1925,70,0.04112,0.04029,0.50,55677,2243,54555,657626,11.81,Male,Denmark,0.55677,-0.5856030507238142,0.8511350607658794,0.03223689093971247
1920-1925,75,0.06023,0.05846,0.50,43741,2557,42458,408390,9.34,Male,Denmark,0.43741,-0.8268843086322681,0.7856206332956158,0.04825625158169078
1920-1925,80,0.08642,0.08286,0.50,30862,2557,29590,221656,7.18,Male,Denmark,0.30862,-1.1756445323390783,0.7055622870990603,0.06975204474136203
1920-1925,85,0.12763,0.11996,0.50,18571,2228,17454,98597,5.31,Male,Denmark,0.18571,-1.6835689617771756,0.6017432441189813,0.10158488588761946
1920-1925,90,0.19324,0.17621,0.50,8527,1502,7775,32054,3.76,Male,Denmark,0.08527,-2.461932586228179,0.45915674977114856,0.15567272489020065
1920-1925,95,0.32663,0.28071,0.50,2462,691,2116,6333,2.57,Male,Denmark,0.02462,-3.70419615822583,0.2887299167350768,0.24845271439953018
1920-1925,100,0.45587,0.37055,0.49,330,122,268,635,1.93,Male,Denmark,0.0033,-5.713832810509703,0.13403736799350122,0.40192733045677465
1920-1925,105,0.82102,0.60870,0.58,23,14,17,29,1.30,Male,Denmark,2.3e-4,-8.377431249041079,0.0696969696969697,0.5327196877062752
