Denmark, Life tables (cohort 1x10), Females	Last modified: 23 Apr 2018;  Methods Protocol: v6 (2017)

  Year          Age         mx       qx    ax      lx      dx      Lx       Tx     ex
1835-1839        0      0.18365  0.16310  0.31  100000   16310   88813  4553896  45.54
1835-1839        1      0.04253  0.04159  0.47   83690    3481   81845  4465083  53.35
1835-1839        2      0.02869  0.02828  0.50   80209    2268   79069  4383238  54.65
1835-1839        3      0.01771  0.01755  0.50   77941    1368   77250  4304169  55.22
1835-1839        4      0.01088  0.01082  0.50   76573     829   76154  4226919  55.20
1835-1839        5      0.00877  0.00873  0.50   75744     661   75413  4150764  54.80
1835-1839        6      0.00799  0.00796  0.51   75083     598   74788  4075352  54.28
1835-1839        7      0.00764  0.00761  0.51   74485     567   74205  4000564  53.71
1835-1839        8      0.00743  0.00740  0.51   73918     547   73650  3926359  53.12
1835-1839        9      0.00724  0.00721  0.51   73371     529   73110  3852709  52.51
1835-1839       10      0.00677  0.00675  0.51   72842     492   72600  3779599  51.89
1835-1839       11      0.00602  0.00600  0.50   72350     434   72135  3706999  51.24
1835-1839       12      0.00532  0.00531  0.50   71916     382   71726  3634864  50.54
1835-1839       13      0.00500  0.00499  0.51   71534     357   71360  3563138  49.81
1835-1839       14      0.00502  0.00501  0.51   71178     356   71002  3491778  49.06
1835-1839       15      0.00514  0.00513  0.51   70821     363   70643  3420776  48.30
1835-1839       16      0.00531  0.00529  0.51   70458     373   70275  3350133  47.55
1835-1839       17      0.00555  0.00553  0.51   70085     388   69896  3279858  46.80
1835-1839       18      0.00574  0.00572  0.51   69697     399   69500  3209962  46.06
1835-1839       19      0.00588  0.00587  0.51   69298     406   69098  3140462  45.32
1835-1839       20      0.00621  0.00619  0.51   68892     426   68682  3071364  44.58
1835-1839       21      0.00663  0.00661  0.51   68466     453   68243  3002682  43.86
1835-1839       22      0.00682  0.00679  0.50   68013     462   67783  2934440  43.15
1835-1839       23      0.00676  0.00674  0.50   67551     455   67324  2866657  42.44
1835-1839       24      0.00701  0.00698  0.51   67096     469   66866  2799332  41.72
1835-1839       25      0.00745  0.00742  0.51   66627     494   66383  2732467  41.01
1835-1839       26      0.00787  0.00784  0.51   66133     518   65878  2666083  40.31
1835-1839       27      0.00813  0.00810  0.50   65614     531   65351  2600206  39.63
1835-1839       28      0.00821  0.00818  0.50   65083     532   64819  2534855  38.95
1835-1839       29      0.00824  0.00821  0.50   64551     530   64287  2470036  38.26
1835-1839       30      0.00828  0.00825  0.50   64021     528   63758  2405749  37.58
1835-1839       31      0.00844  0.00841  0.50   63493     534   63229  2341990  36.89
1835-1839       32      0.00874  0.00870  0.50   62959     548   62688  2278762  36.19
1835-1839       33      0.00915  0.00911  0.51   62412     569   62131  2216074  35.51
1835-1839       34      0.00968  0.00963  0.51   61843     596   61548  2153943  34.83
1835-1839       35      0.01019  0.01014  0.51   61247     621   60940  2092395  34.16
1835-1839       36      0.01039  0.01033  0.50   60626     627   60315  2031455  33.51
1835-1839       37      0.01024  0.01019  0.50   59999     612   59695  1971140  32.85
1835-1839       38      0.01002  0.00997  0.50   59388     592   59094  1911445  32.19
1835-1839       39      0.00989  0.00985  0.50   58796     579   58509  1852351  31.50
1835-1839       40      0.00970  0.00965  0.50   58217     562   57937  1793842  30.81
1835-1839       41      0.00939  0.00935  0.50   57655     539   57388  1735905  30.11
1835-1839       42      0.00940  0.00935  0.51   57116     534   56852  1678518  29.39
1835-1839       43      0.00946  0.00941  0.50   56582     533   56318  1621666  28.66
1835-1839       44      0.00967  0.00963  0.51   56049     540   55783  1565348  27.93
1835-1839       45      0.00978  0.00973  0.50   55510     540   55242  1509565  27.19
1835-1839       46      0.00976  0.00971  0.50   54970     534   54705  1454323  26.46
1835-1839       47      0.00980  0.00976  0.50   54436     531   54173  1399618  25.71
1835-1839       48      0.01002  0.00997  0.51   53905     538   53639  1345445  24.96
1835-1839       49      0.01046  0.01040  0.51   53367     555   53093  1291806  24.21
1835-1839       50      0.01114  0.01108  0.51   52812     585   52524  1238713  23.46
1835-1839       51      0.01199  0.01192  0.51   52227     622   51921  1186189  22.71
1835-1839       52      0.01279  0.01271  0.51   51605     656   51281  1134269  21.98
1835-1839       53      0.01352  0.01343  0.51   50949     684   50610  1082987  21.26
1835-1839       54      0.01411  0.01402  0.50   50264     705   49915  1032377  20.54
1835-1839       55      0.01467  0.01456  0.50   49560     722   49202   982463  19.82
1835-1839       56      0.01518  0.01506  0.50   48838     736   48472   933261  19.11
1835-1839       57      0.01573  0.01561  0.50   48102     751   47730   884788  18.39
1835-1839       58      0.01644  0.01631  0.50   47351     772   46968   837058  17.68
1835-1839       59      0.01756  0.01741  0.51   46579     811   46178   790091  16.96
1835-1839       60      0.01944  0.01926  0.51   45768     881   45335   743913  16.25
1835-1839       61      0.02130  0.02108  0.51   44887     946   44420   698578  15.56
1835-1839       62      0.02267  0.02242  0.50   43941     985   43453   654158  14.89
1835-1839       63      0.02445  0.02416  0.51   42956    1038   42444   610705  14.22
1835-1839       64      0.02711  0.02675  0.51   41918    1121   41364   568261  13.56
1835-1839       65      0.02994  0.02951  0.51   40796    1204   40203   526896  12.92
1835-1839       66      0.03259  0.03207  0.51   39593    1270   38967   486693  12.29
1835-1839       67      0.03557  0.03496  0.51   38323    1340   37665   447726  11.68
1835-1839       68      0.03902  0.03829  0.51   36983    1416   36286   410062  11.09
1835-1839       69      0.04311  0.04221  0.51   35567    1501   34829   373775  10.51
1835-1839       70      0.04775  0.04665  0.51   34066    1589   33284   338946   9.95
1835-1839       71      0.05232  0.05101  0.51   32476    1656   31662   305662   9.41
1835-1839       72      0.05690  0.05535  0.51   30820    1706   29981   274000   8.89
1835-1839       73      0.06162  0.05980  0.51   29114    1741   28256   244018   8.38
1835-1839       74      0.06777  0.06558  0.51   27373    1795   26489   215762   7.88
1835-1839       75      0.07642  0.07367  0.51   25578    1884   24658   189273   7.40
1835-1839       76      0.08752  0.08392  0.51   23693    1988   22721   164615   6.95
1835-1839       77      0.09748  0.09304  0.51   21705    2019   20716   141895   6.54
1835-1839       78      0.10412  0.09900  0.50   19685    1949   18717   121179   6.16
1835-1839       79      0.11198  0.10611  0.51   17737    1882   16807   102461   5.78
1835-1839       80      0.12219  0.11520  0.50   15855    1826   14948    85654   5.40
1835-1839       81      0.12898  0.12118  0.50   14028    1700   13179    70707   5.04
1835-1839       82      0.15009  0.13968  0.50   12328    1722   11474    57528   4.67
1835-1839       83      0.17593  0.16196  0.51   10606    1718    9764    46054   4.34
1835-1839       84      0.18163  0.16669  0.51    8888    1482    8157    36290   4.08
1835-1839       85      0.21148  0.19142  0.50    7407    1418    6704    28133   3.80
1835-1839       86      0.22636  0.20358  0.51    5989    1219    5386    21428   3.58
1835-1839       87      0.24216  0.21647  0.51    4770    1033    4264    16042   3.36
1835-1839       88      0.26296  0.23311  0.51    3737     871    3313    11778   3.15
1835-1839       89      0.29802  0.25984  0.51    2866     745    2499     8465   2.95
1835-1839       90      0.30539  0.26554  0.51    2121     563    1845     5966   2.81
1835-1839       91      0.31529  0.27359  0.52    1558     426    1352     4122   2.65
1835-1839       92      0.37208  0.31438  0.51    1132     356     956     2770   2.45
1835-1839       93      0.39487  0.32798  0.48     776     255     645     1814   2.34
1835-1839       94      0.38779  0.32711  0.52     521     171     440     1169   2.24
1835-1839       95      0.43744  0.35696  0.48     351     125     286      729   2.08
1835-1839       96      0.41487  0.34580  0.52     226      78     188      443   1.96
1835-1839       97      0.51138  0.40459  0.48     148      60     117      255   1.73
1835-1839       98      0.56412  0.43840  0.49      88      39      68      138   1.57
1835-1839       99      0.70607  0.52693  0.52      49      26      37       70   1.41
1835-1839      100      0.73393  0.52764  0.47      23      12      17       33   1.41
1835-1839      101      0.87638  0.60262  0.48      11       7       8       16   1.47
1835-1839      102      0.95380  0.63516  0.47       4       3       3        9   1.96
1835-1839      103      0.54098  0.39759  0.33       2       1       1        6   3.55
1835-1839      104      0.00000  0.00000  0.50       1       0       1        4   4.67
1835-1839      105      0.00000  0.00000  0.50       1       0       1        4   3.67
1835-1839      106      0.00000  0.00000  0.50       1       0       1        3   2.67
1835-1839      107      0.00000  0.00000  0.50       1       0       1        2   1.67
1835-1839      108      1.50000  1.00000  0.67       1       1       1        1   0.67
1835-1839      109            .        .     .       0       0       0        0      .
1835-1839      110+           .        .     .       0       0       0        0      .
1840-1849        0      0.19159  0.16934  0.31  100000   16934   88385  4530453  45.30
1840-1849        1      0.03836  0.03760  0.47   83066    3123   81419  4442068  53.48
1840-1849        2      0.02610  0.02577  0.50   79943    2060   78911  4360649  54.55
1840-1849        3      0.01838  0.01821  0.50   77883    1419   77178  4281738  54.98
1840-1849        4      0.01391  0.01382  0.50   76465    1056   75937  4204560  54.99
1840-1849        5      0.01168  0.01161  0.50   75408     876   74973  4128624  54.75
1840-1849        6      0.01006  0.01001  0.50   74533     746   74161  4053651  54.39
1840-1849        7      0.00868  0.00864  0.51   73787     638   73471  3979489  53.93
1840-1849        8      0.00772  0.00769  0.51   73149     562   72871  3906018  53.40
1840-1849        9      0.00702  0.00700  0.50   72587     508   72335  3833147  52.81
1840-1849       10      0.00646  0.00644  0.51   72079     464   71850  3760812  52.18
1840-1849       11      0.00610  0.00608  0.51   71614     436   71400  3688962  51.51
1840-1849       12      0.00586  0.00584  0.51   71179     416   70974  3617562  50.82
1840-1849       13      0.00555  0.00554  0.51   70763     392   70569  3546588  50.12
1840-1849       14      0.00546  0.00544  0.51   70371     383   70183  3476019  49.40
1840-1849       15      0.00562  0.00561  0.51   69988     392   69796  3405835  48.66
1840-1849       16      0.00587  0.00585  0.51   69596     407   69396  3336039  47.93
1840-1849       17      0.00602  0.00601  0.51   69189     416   68984  3266642  47.21
1840-1849       18      0.00614  0.00612  0.51   68773     421   68565  3197659  46.50
1840-1849       19      0.00637  0.00635  0.51   68352     434   68138  3129094  45.78
1840-1849       20      0.00667  0.00665  0.50   67918     452   67694  3060956  45.07
1840-1849       21      0.00695  0.00692  0.50   67467     467   67235  2993262  44.37
1840-1849       22      0.00726  0.00723  0.51   66999     485   66760  2926027  43.67
1840-1849       23      0.00749  0.00746  0.50   66515     496   66269  2859267  42.99
1840-1849       24      0.00751  0.00748  0.50   66019     494   65772  2792998  42.31
1840-1849       25      0.00752  0.00749  0.50   65525     491   65281  2727226  41.62
1840-1849       26      0.00764  0.00761  0.50   65034     495   64788  2661945  40.93
1840-1849       27      0.00781  0.00778  0.50   64539     502   64290  2597157  40.24
1840-1849       28      0.00803  0.00800  0.50   64037     512   63783  2532867  39.55
1840-1849       29      0.00827  0.00824  0.50   63525     523   63265  2469085  38.87
1840-1849       30      0.00849  0.00846  0.50   63002     533   62737  2405820  38.19
1840-1849       31      0.00868  0.00864  0.50   62469     540   62201  2343083  37.51
1840-1849       32      0.00878  0.00874  0.50   61929     542   61659  2280882  36.83
1840-1849       33      0.00883  0.00879  0.50   61388     539   61119  2219223  36.15
1840-1849       34      0.00884  0.00880  0.50   60848     536   60581  2158104  35.47
1840-1849       35      0.00880  0.00876  0.50   60313     528   60050  2097522  34.78
1840-1849       36      0.00877  0.00873  0.50   59784     522   59525  2037472  34.08
1840-1849       37      0.00876  0.00872  0.50   59262     517   59005  1977947  33.38
1840-1849       38      0.00883  0.00879  0.50   58745     516   58489  1918942  32.67
1840-1849       39      0.00890  0.00886  0.50   58229     516   57973  1860453  31.95
1840-1849       40      0.00897  0.00893  0.50   57713     515   57457  1802480  31.23
1840-1849       41      0.00908  0.00904  0.50   57198     517   56941  1745023  30.51
1840-1849       42      0.00920  0.00915  0.50   56681     519   56423  1688082  29.78
1840-1849       43      0.00931  0.00927  0.50   56162     521   55904  1631658  29.05
1840-1849       44      0.00933  0.00929  0.50   55641     517   55385  1575755  28.32
1840-1849       45      0.00934  0.00929  0.50   55125     512   54871  1520370  27.58
1840-1849       46      0.00942  0.00937  0.50   54612     512   54358  1465499  26.83
1840-1849       47      0.00955  0.00951  0.50   54100     514   53845  1411141  26.08
1840-1849       48      0.00975  0.00971  0.50   53586     520   53327  1357297  25.33
1840-1849       49      0.01013  0.01008  0.50   53066     535   52800  1303969  24.57
1840-1849       50      0.01069  0.01063  0.50   52531     558   52254  1251169  23.82
1840-1849       51      0.01116  0.01110  0.50   51973     577   51686  1198915  23.07
1840-1849       52      0.01156  0.01149  0.50   51396     591   51102  1147229  22.32
1840-1849       53      0.01202  0.01195  0.50   50805     607   50504  1096127  21.58
1840-1849       54      0.01255  0.01247  0.50   50198     626   49887  1045623  20.83
1840-1849       55      0.01318  0.01309  0.50   49572     649   49251   995736  20.09
1840-1849       56      0.01388  0.01378  0.50   48923     674   48588   946485  19.35
1840-1849       57      0.01466  0.01455  0.50   48249     702   47900   897897  18.61
1840-1849       58      0.01568  0.01556  0.50   47547     740   47180   849997  17.88
1840-1849       59      0.01685  0.01671  0.50   46807     782   46419   802817  17.15
1840-1849       60      0.01805  0.01789  0.50   46025     823   45616   756398  16.43
1840-1849       61      0.01954  0.01935  0.51   45202     875   44769   710782  15.72
1840-1849       62      0.02150  0.02127  0.51   44327     943   43861   666013  15.03
1840-1849       63      0.02362  0.02334  0.50   43384    1013   42883   622152  14.34
1840-1849       64      0.02581  0.02548  0.50   42371    1080   41837   579269  13.67
1840-1849       65      0.02825  0.02786  0.51   41292    1150   40724   537433  13.02
1840-1849       66      0.03107  0.03060  0.51   40141    1228   39535   496709  12.37
1840-1849       67      0.03450  0.03392  0.51   38913    1320   38261   457174  11.75
1840-1849       68      0.03674  0.03609  0.50   37593    1357   36919   418913  11.14
1840-1849       69      0.04118  0.04036  0.50   36236    1462   35510   381994  10.54
1840-1849       70      0.04555  0.04455  0.51   34774    1549   34007   346484   9.96
1840-1849       71      0.05014  0.04893  0.51   33225    1626   32421   312477   9.40
1840-1849       72      0.05529  0.05383  0.51   31599    1701   30762   280056   8.86
1840-1849       73      0.06184  0.06001  0.51   29898    1794   29015   249294   8.34
1840-1849       74      0.07093  0.06855  0.51   28104    1926   27158   220279   7.84
1840-1849       75      0.07785  0.07497  0.51   26178    1963   25208   193121   7.38
1840-1849       76      0.08353  0.08020  0.50   24215    1942   23249   167913   6.93
1840-1849       77      0.09391  0.08977  0.51   22273    1999   21291   144663   6.49
1840-1849       78      0.10337  0.09838  0.51   20274    1995   19295   123373   6.09
1840-1849       79      0.11858  0.11212  0.51   18279    2049   17283   104078   5.69
1840-1849       80      0.12877  0.12108  0.51   16230    1965   15260    86794   5.35
1840-1849       81      0.13875  0.12988  0.51   14265    1853   13353    71534   5.01
1840-1849       82      0.15600  0.14490  0.51   12412    1798   11529    58181   4.69
1840-1849       83      0.16981  0.15671  0.51   10613    1663    9795    46652   4.40
1840-1849       84      0.18525  0.16978  0.51    8950    1520    8203    36857   4.12
1840-1849       85      0.20440  0.18566  0.51    7431    1380    6750    28654   3.86
1840-1849       86      0.22244  0.20058  0.51    6051    1214    5457    21905   3.62
1840-1849       87      0.23513  0.21109  0.52    4837    1021    4343    16448   3.40
1840-1849       88      0.26726  0.23584  0.50    3816     900    3368    12105   3.17
1840-1849       89      0.27941  0.24524  0.50    2916     715    2560     8738   3.00
1840-1849       90      0.31078  0.26929  0.50    2201     593    1907     6178   2.81
1840-1849       91      0.32967  0.28311  0.50    1608     455    1381     4271   2.66
1840-1849       92      0.36786  0.31126  0.51    1153     359     976     2890   2.51
1840-1849       93      0.35210  0.29899  0.50     794     237     674     1914   2.41
1840-1849       94      0.41871  0.34562  0.49     557     192     459     1240   2.23
1840-1849       95      0.42778  0.35211  0.50     364     128     300      781   2.14
1840-1849       96      0.44383  0.36229  0.49     236      86     193      481   2.04
1840-1849       97      0.48817  0.38982  0.48     151      59     120      288   1.91
1840-1849       98      0.45477  0.37143  0.51      92      34      75      168   1.83
1840-1849       99      0.60258  0.45698  0.47      58      26      44       93   1.61
1840-1849      100      0.58933  0.45517  0.50      31      14      24       49   1.57
1840-1849      101      0.45474  0.37017  0.50      17       6      14       25   1.46
1840-1849      102      0.92235  0.61945  0.47      11       7       7       11   1.02
1840-1849      103      0.78947  0.55556  0.47       4       2       3        4   0.93
1840-1849      104      2.00000  1.00000  0.50       2       2       1        1   0.50
1840-1849      105            .        .     .       0       0       0        0      .
1840-1849      106            .        .     .       0       0       0        0      .
1840-1849      107            .        .     .       0       0       0        0      .
1840-1849      108            .        .     .       0       0       0        0      .
1840-1849      109            .        .     .       0       0       0        0      .
1840-1849      110+           .        .     .       0       0       0        0      .
1850-1859        0      0.15629  0.14116  0.31  100000   14116   90318  4668136  46.68
1850-1859        1      0.03959  0.03879  0.47   85884    3331   84134  4577818  53.30
1850-1859        2      0.02594  0.02560  0.50   82553    2114   81488  4493684  54.43
1850-1859        3      0.02022  0.02002  0.50   80439    1610   79627  4412196  54.85
1850-1859        4      0.01627  0.01614  0.50   78829    1272   78197  4332569  54.96
1850-1859        5      0.01455  0.01444  0.51   77557    1120   77007  4254372  54.85
1850-1859        6      0.01311  0.01303  0.51   76437     996   75945  4177364  54.65
1850-1859        7      0.01121  0.01115  0.50   75441     841   75021  4101420  54.37
1850-1859        8      0.00914  0.00910  0.50   74600     679   74257  4026399  53.97
1850-1859        9      0.00773  0.00770  0.50   73921     570   73636  3952142  53.46
1850-1859       10      0.00712  0.00709  0.51   73351     520   73095  3878505  52.88
1850-1859       11      0.00675  0.00673  0.51   72831     490   72590  3805411  52.25
1850-1859       12      0.00655  0.00653  0.51   72341     472   72109  3732821  51.60
1850-1859       13      0.00636  0.00634  0.51   71869     456   71644  3660712  50.94
1850-1859       14      0.00615  0.00613  0.50   71413     438   71196  3589068  50.26
1850-1859       15      0.00598  0.00596  0.50   70975     423   70765  3517872  49.56
1850-1859       16      0.00590  0.00588  0.50   70553     415   70347  3447107  48.86
1850-1859       17      0.00595  0.00593  0.51   70137     416   69932  3376760  48.14
1850-1859       18      0.00608  0.00607  0.51   69722     423   69513  3306828  47.43
1850-1859       19      0.00624  0.00622  0.51   69299     431   69086  3237315  46.72
1850-1859       20      0.00637  0.00635  0.50   68868     437   68651  3168229  46.00
1850-1859       21      0.00648  0.00646  0.50   68431     442   68211  3099578  45.30
1850-1859       22      0.00659  0.00656  0.50   67989     446   67767  3031367  44.59
1850-1859       23      0.00670  0.00668  0.50   67542     451   67318  2963601  43.88
1850-1859       24      0.00688  0.00686  0.50   67091     460   66863  2896282  43.17
1850-1859       25      0.00707  0.00705  0.50   66631     469   66397  2829419  42.46
1850-1859       26      0.00723  0.00720  0.50   66162     476   65925  2763022  41.76
1850-1859       27      0.00740  0.00737  0.50   65685     484   65445  2697097  41.06
1850-1859       28      0.00752  0.00750  0.50   65201     489   64958  2631652  40.36
1850-1859       29      0.00757  0.00754  0.50   64713     488   64470  2566694  39.66
1850-1859       30      0.00757  0.00754  0.50   64225     484   63984  2502224  38.96
1850-1859       31      0.00762  0.00759  0.50   63741     484   63500  2438241  38.25
1850-1859       32      0.00768  0.00765  0.50   63257     484   63016  2374741  37.54
1850-1859       33      0.00774  0.00771  0.50   62773     484   62532  2311724  36.83
1850-1859       34      0.00775  0.00772  0.50   62289     481   62050  2249192  36.11
1850-1859       35      0.00774  0.00771  0.50   61809     476   61572  2187142  35.39
1850-1859       36      0.00771  0.00768  0.50   61332     471   61098  2125571  34.66
1850-1859       37      0.00774  0.00771  0.50   60861     470   60628  2064473  33.92
1850-1859       38      0.00779  0.00776  0.50   60392     468   60159  2003845  33.18
1850-1859       39      0.00778  0.00775  0.50   59923     464   59692  1943686  32.44
1850-1859       40      0.00786  0.00783  0.50   59459     465   59228  1883994  31.69
1850-1859       41      0.00797  0.00793  0.50   58994     468   58761  1824766  30.93
1850-1859       42      0.00798  0.00795  0.50   58526     465   58294  1766006  30.17
1850-1859       43      0.00797  0.00794  0.50   58060     461   57831  1707712  29.41
1850-1859       44      0.00799  0.00796  0.50   57599     459   57371  1649881  28.64
1850-1859       45      0.00806  0.00803  0.50   57140     459   56912  1592510  27.87
1850-1859       46      0.00820  0.00817  0.50   56681     463   56451  1535598  27.09
1850-1859       47      0.00840  0.00837  0.50   56219     470   55985  1479147  26.31
1850-1859       48      0.00870  0.00866  0.50   55748     483   55509  1423162  25.53
1850-1859       49      0.00904  0.00900  0.50   55266     497   55018  1367654  24.75
1850-1859       50      0.00942  0.00938  0.50   54768     514   54513  1312635  23.97
1850-1859       51      0.00991  0.00986  0.50   54255     535   53989  1258123  23.19
1850-1859       52      0.01042  0.01037  0.50   53720     557   53443  1204133  22.42
1850-1859       53      0.01089  0.01083  0.50   53163     576   52877  1150690  21.64
1850-1859       54      0.01138  0.01132  0.50   52587     595   52292  1097813  20.88
1850-1859       55      0.01193  0.01186  0.50   51992     617   51686  1045521  20.11
1850-1859       56      0.01278  0.01270  0.51   51375     653   51053   993835  19.34
1850-1859       57      0.01358  0.01349  0.50   50723     684   50384   942783  18.59
1850-1859       58      0.01483  0.01472  0.50   50039     737   49672   892399  17.83
1850-1859       59      0.01660  0.01647  0.50   49302     812   48897   842727  17.09
1850-1859       60      0.01766  0.01750  0.50   48490     849   48069   793830  16.37
1850-1859       61      0.01870  0.01853  0.50   47641     883   47202   745761  15.65
1850-1859       62      0.02164  0.02141  0.50   46759    1001   46263   698559  14.94
1850-1859       63      0.02357  0.02330  0.50   45758    1066   45226   652297  14.26
1850-1859       64      0.02654  0.02620  0.51   44691    1171   44114   607071  13.58
1850-1859       65      0.02843  0.02803  0.51   43520    1220   42920   562957  12.94
1850-1859       66      0.03179  0.03130  0.51   42300    1324   41647   520037  12.29
1850-1859       67      0.03470  0.03411  0.51   40976    1398   40290   478390  11.67
1850-1859       68      0.03730  0.03663  0.51   39578    1450   38870   438100  11.07
1850-1859       69      0.04130  0.04048  0.51   38129    1543   37369   399230  10.47
1850-1859       70      0.04637  0.04534  0.51   36585    1659   35773   361861   9.89
1850-1859       71      0.05233  0.05103  0.51   34926    1782   34054   326088   9.34
1850-1859       72      0.05799  0.05639  0.51   33144    1869   32230   292034   8.81
1850-1859       73      0.06479  0.06279  0.51   31275    1964   30308   259804   8.31
1850-1859       74      0.07274  0.07023  0.51   29312    2059   28300   229496   7.83
1850-1859       75      0.07955  0.07655  0.51   27253    2086   26223   201196   7.38
1850-1859       76      0.08938  0.08563  0.51   25167    2155   24109   174973   6.95
1850-1859       77      0.09638  0.09204  0.51   23012    2118   21976   150865   6.56
1850-1859       78      0.10716  0.10179  0.51   20894    2127   19846   128889   6.17
1850-1859       79      0.11309  0.10711  0.51   18767    2010   17775   109042   5.81
1850-1859       80      0.12559  0.11828  0.51   16757    1982   15782    91268   5.45
1850-1859       81      0.14347  0.13393  0.50   14775    1979   13792    75486   5.11
1850-1859       82      0.15389  0.14295  0.50   12796    1829   11887    61694   4.82
1850-1859       83      0.16624  0.15365  0.51   10967    1685   10136    49806   4.54
1850-1859       84      0.18022  0.16552  0.51    9282    1536    8525    39670   4.27
1850-1859       85      0.19608  0.17885  0.51    7745    1385    7065    31146   4.02
1850-1859       86      0.21378  0.19324  0.50    6360    1229    5749    24081   3.79
1850-1859       87      0.23232  0.20853  0.51    5131    1070    4606    18332   3.57
1850-1859       88      0.23536  0.21078  0.50    4061     856    3637    13726   3.38
1850-1859       89      0.27245  0.24021  0.51    3205     770    2826    10089   3.15
1850-1859       90      0.28636  0.25070  0.50    2435     611    2132     7263   2.98
1850-1859       91      0.29573  0.25726  0.49    1825     469    1587     5131   2.81
1850-1859       92      0.33143  0.28403  0.50    1355     385    1161     3544   2.61
1850-1859       93      0.35722  0.30431  0.51     970     295     827     2382   2.46
1850-1859       94      0.38290  0.32172  0.50     675     217     567     1556   2.30
1850-1859       95      0.42857  0.35335  0.50     458     162     378      988   2.16
1850-1859       96      0.44481  0.36339  0.50     296     108     242      611   2.06
1850-1859       97      0.44034  0.36152  0.50     188      68     155      369   1.96
1850-1859       98      0.48414  0.38742  0.48     120      47      96      214   1.78
1850-1859       99      0.52174  0.41081  0.48      74      30      58      118   1.60
1850-1859      100      0.71548  0.52294  0.49      43      23      32       60   1.38
1850-1859      101      0.74336  0.53846  0.49      21      11      15       28   1.36
1850-1859      102      0.65455  0.50000  0.53      10       5       7       13   1.38
1850-1859      103      1.00000  0.66667  0.50       5       3       3        6   1.22
1850-1859      104      0.66667  0.50000  0.50       2       1       1        3   1.67
1850-1859      105      0.75000  0.50000  0.33       1       0       1        1   1.83
1850-1859      106      0.00000  0.00000  0.50       0       0       0        1   2.33
1850-1859      107      0.00000  0.00000  0.50       0       0       0        1   1.33
1850-1859      108      3.00000  1.00000  0.33       0       0       0        0   0.33
1850-1859      109            .        .     .       0       0       0        0      .
1850-1859      110+           .        .     .       0       0       0        0      .
1860-1869        0      0.13541  0.12390  0.31  100000   12390   91502  4908284  49.08
1860-1869        1      0.04134  0.04046  0.48   87610    3545   85751  4816782  54.98
1860-1869        2      0.02622  0.02587  0.50   84065    2175   82971  4731031  56.28
1860-1869        3      0.02137  0.02114  0.50   81890    1731   81019  4648061  56.76
1860-1869        4      0.01662  0.01648  0.49   80159    1321   79486  4567042  56.97
1860-1869        5      0.01252  0.01244  0.49   78838     981   78341  4487556  56.92
1860-1869        6      0.00973  0.00968  0.50   77857     754   77477  4409215  56.63
1860-1869        7      0.00802  0.00799  0.50   77103     616   76795  4331738  56.18
1860-1869        8      0.00707  0.00705  0.50   76487     539   76220  4254943  55.63
1860-1869        9      0.00650  0.00648  0.50   75948     492   75703  4178723  55.02
1860-1869       10      0.00621  0.00619  0.51   75457     467   75227  4103020  54.38
1860-1869       11      0.00600  0.00598  0.51   74990     449   74768  4027793  53.71
1860-1869       12      0.00574  0.00572  0.51   74541     427   74330  3953025  53.03
1860-1869       13      0.00560  0.00559  0.51   74114     414   73910  3878695  52.33
1860-1869       14      0.00560  0.00558  0.51   73700     411   73498  3804784  51.62
1860-1869       15      0.00562  0.00560  0.51   73289     411   73087  3731287  50.91
1860-1869       16      0.00568  0.00566  0.51   72879     413   72675  3658200  50.20
1860-1869       17      0.00577  0.00575  0.51   72466     417   72260  3585525  49.48
1860-1869       18      0.00586  0.00585  0.51   72049     421   71842  3513265  48.76
1860-1869       19      0.00591  0.00590  0.51   71628     422   71419  3441423  48.05
1860-1869       20      0.00594  0.00592  0.50   71206     422   70996  3370004  47.33
1860-1869       21      0.00594  0.00592  0.50   70784     419   70576  3299008  46.61
1860-1869       22      0.00593  0.00591  0.50   70365     416   70159  3228432  45.88
1860-1869       23      0.00596  0.00595  0.50   69949     416   69743  3158273  45.15
1860-1869       24      0.00601  0.00599  0.50   69533     416   69326  3088531  44.42
1860-1869       25      0.00605  0.00603  0.50   69117     417   68909  3019205  43.68
1860-1869       26      0.00607  0.00605  0.50   68700     416   68493  2950295  42.94
1860-1869       27      0.00608  0.00606  0.50   68285     414   68079  2881802  42.20
1860-1869       28      0.00610  0.00608  0.50   67871     413   67666  2813723  41.46
1860-1869       29      0.00615  0.00614  0.50   67459     414   67253  2746058  40.71
1860-1869       30      0.00625  0.00623  0.50   67045     418   66837  2678805  39.96
1860-1869       31      0.00632  0.00630  0.50   66627     420   66418  2611968  39.20
1860-1869       32      0.00635  0.00633  0.50   66207     419   65999  2545550  38.45
1860-1869       33      0.00634  0.00632  0.50   65788     416   65581  2479552  37.69
1860-1869       34      0.00629  0.00627  0.50   65372     410   65168  2413971  36.93
1860-1869       35      0.00629  0.00627  0.50   64962     408   64760  2348803  36.16
1860-1869       36      0.00632  0.00630  0.50   64555     407   64353  2284043  35.38
1860-1869       37      0.00633  0.00631  0.50   64148     405   63946  2219690  34.60
1860-1869       38      0.00636  0.00634  0.50   63743     404   63543  2155744  33.82
1860-1869       39      0.00651  0.00649  0.50   63339     411   63135  2092201  33.03
1860-1869       40      0.00667  0.00664  0.50   62928     418   62720  2029066  32.24
1860-1869       41      0.00673  0.00670  0.50   62510     419   62301  1966346  31.46
1860-1869       42      0.00684  0.00681  0.50   62091     423   61881  1904044  30.67
1860-1869       43      0.00696  0.00693  0.50   61668     428   61455  1842163  29.87
1860-1869       44      0.00704  0.00701  0.50   61240     429   61027  1780708  29.08
1860-1869       45      0.00713  0.00711  0.50   60811     432   60596  1719681  28.28
1860-1869       46      0.00738  0.00735  0.50   60379     444   60159  1659085  27.48
1860-1869       47      0.00759  0.00756  0.50   59935     453   59710  1598927  26.68
1860-1869       48      0.00811  0.00808  0.50   59482     480   59243  1539217  25.88
1860-1869       49      0.00879  0.00875  0.50   59001     516   58743  1479974  25.08
1860-1869       50      0.00937  0.00933  0.50   58485     545   58212  1421231  24.30
1860-1869       51      0.00932  0.00928  0.50   57939     538   57671  1363018  23.52
1860-1869       52      0.01049  0.01044  0.50   57402     599   57102  1305347  22.74
1860-1869       53      0.01050  0.01045  0.50   56802     594   56507  1248245  21.98
1860-1869       54      0.01132  0.01125  0.50   56209     633   55892  1191738  21.20
1860-1869       55      0.01211  0.01204  0.50   55576     669   55242  1135846  20.44
1860-1869       56      0.01316  0.01307  0.50   54907     718   54551  1080604  19.68
1860-1869       57      0.01429  0.01419  0.50   54189     769   53803  1026053  18.93
1860-1869       58      0.01519  0.01508  0.50   53420     805   53016   972249  18.20
1860-1869       59      0.01622  0.01609  0.51   52615     847   52198   919233  17.47
1860-1869       60      0.01783  0.01768  0.50   51768     915   51310   867036  16.75
1860-1869       61      0.01936  0.01918  0.50   50853     975   50370   815726  16.04
1860-1869       62      0.02097  0.02075  0.51   49878    1035   49368   765356  15.34
1860-1869       63      0.02347  0.02321  0.51   48843    1133   48286   715988  14.66
1860-1869       64      0.02532  0.02500  0.51   47710    1193   47122   667702  14.00
1860-1869       65      0.02799  0.02760  0.50   46517    1284   45880   620580  13.34
1860-1869       66      0.03138  0.03090  0.51   45233    1398   44542   574700  12.71
1860-1869       67      0.03375  0.03320  0.51   43835    1455   43115   530159  12.09
1860-1869       68      0.03810  0.03739  0.50   42380    1585   41591   487044  11.49
1860-1869       69      0.04113  0.04031  0.50   40795    1644   39975   445453  10.92
1860-1869       70      0.04603  0.04500  0.50   39151    1762   38274   405478  10.36
1860-1869       71      0.04947  0.04829  0.51   37389    1805   36496   367204   9.82
1860-1869       72      0.05529  0.05381  0.50   35583    1915   34634   330707   9.29
1860-1869       73      0.06081  0.05901  0.50   33669    1987   32675   296073   8.79
1860-1869       74      0.06854  0.06628  0.50   31682    2100   30638   263398   8.31
1860-1869       75      0.07346  0.07088  0.50   29582    2097   28542   232759   7.87
1860-1869       76      0.08162  0.07845  0.50   27485    2156   26416   204217   7.43
1860-1869       77      0.08860  0.08487  0.50   25329    2150   24262   177801   7.02
1860-1869       78      0.09488  0.09065  0.51   23179    2101   22147   153538   6.62
1860-1869       79      0.10203  0.09715  0.51   21078    2048   20070   131391   6.23
1860-1869       80      0.11404  0.10800  0.51   19030    2055   18021   111322   5.85
1860-1869       81      0.12686  0.11929  0.50   16975    2025   15961    93301   5.50
1860-1869       82      0.13727  0.12861  0.51   14950    1923   14006    77339   5.17
1860-1869       83      0.14891  0.13862  0.50   13027    1806   12127    63333   4.86
1860-1869       84      0.16288  0.15067  0.50   11222    1691   10380    51206   4.56
1860-1869       85      0.17686  0.16263  0.51    9531    1550    8764    40826   4.28
1860-1869       86      0.18640  0.17067  0.51    7981    1362    7307    32062   4.02
1860-1869       87      0.20981  0.19012  0.51    6619    1258    5998    24755   3.74
1860-1869       88      0.23100  0.20703  0.50    5360    1110    4804    18757   3.50
1860-1869       89      0.24982  0.22205  0.50    4251     944    3778    13953   3.28
1860-1869       90      0.26675  0.23550  0.50    3307     779    2919    10175   3.08
1860-1869       91      0.30557  0.26512  0.50    2528     670    2193     7256   2.87
1860-1869       92      0.31845  0.27465  0.50    1858     510    1602     5062   2.72
1860-1869       93      0.34615  0.29405  0.49    1348     396    1145     3460   2.57
1860-1869       94      0.36521  0.30826  0.49     951     293     803     2315   2.43
1860-1869       95      0.35327  0.29988  0.50     658     197     559     1512   2.30
1860-1869       96      0.45773  0.37116  0.49     461     171     374      954   2.07
1860-1869       97      0.44205  0.36228  0.50     290     105     237      580   2.00
1860-1869       98      0.51109  0.40851  0.51     185      75     148      343   1.85
1860-1869       99      0.53506  0.42086  0.49     109      46      86      195   1.78
1860-1869      100      0.51671  0.41615  0.53      63      26      51      109   1.72
1860-1869      101      0.64286  0.47872  0.47      37      18      28       58   1.57
1860-1869      102      0.70270  0.53061  0.54      19      10      15       31   1.59
1860-1869      103      0.42105  0.34783  0.50       9       3       7       16   1.77
1860-1869      104      0.72727  0.53333  0.50       6       3       4        9   1.44
1860-1869      105      0.56250  0.42857  0.44       3       1       2        4   1.52
1860-1869      106      0.60000  0.50000  0.67       2       1       1        2   1.33
1860-1869      107      0.60000  0.50000  0.67       1       0       1        1   1.00
1860-1869      108      3.00000  1.00000  0.33       0       0       0        0   0.33
1860-1869      109            .        .     .       0       0       0        0      .
1860-1869      110+           .        .     .       0       0       0        0      .
1870-1879        0      0.13810  0.12615  0.31  100000   12615   91347  5145404  51.45
1870-1879        1      0.03617  0.03550  0.47   87385    3102   85753  5054057  57.84
1870-1879        2      0.01884  0.01866  0.50   84283    1573   83494  4968304  58.95
1870-1879        3      0.01523  0.01512  0.50   82710    1250   82081  4884810  59.06
1870-1879        4      0.01230  0.01222  0.50   81460     995   80959  4802729  58.96
1870-1879        5      0.01019  0.01014  0.50   80464     816   80056  4721770  58.68
1870-1879        6      0.00874  0.00871  0.50   79649     693   79302  4641714  58.28
1870-1879        7      0.00754  0.00751  0.50   78955     593   78659  4562412  57.78
1870-1879        8      0.00675  0.00673  0.50   78362     527   78100  4483753  57.22
1870-1879        9      0.00627  0.00625  0.50   77835     487   77593  4405653  56.60
1870-1879       10      0.00595  0.00593  0.51   77348     459   77122  4328061  55.96
1870-1879       11      0.00576  0.00574  0.51   76890     441   76672  4250939  55.29
1870-1879       12      0.00565  0.00563  0.51   76448     430   76236  4174267  54.60
1870-1879       13      0.00562  0.00560  0.51   76018     426   75808  4098030  53.91
1870-1879       14      0.00562  0.00560  0.51   75592     423   75383  4022222  53.21
1870-1879       15      0.00555  0.00554  0.51   75169     416   74963  3946839  52.51
1870-1879       16      0.00539  0.00538  0.50   74753     402   74553  3871876  51.80
1870-1879       17      0.00521  0.00520  0.50   74350     386   74159  3797324  51.07
1870-1879       18      0.00503  0.00502  0.50   73964     371   73780  3723165  50.34
1870-1879       19      0.00489  0.00488  0.50   73593     359   73415  3649385  49.59
1870-1879       20      0.00483  0.00481  0.50   73234     353   73059  3575970  48.83
1870-1879       21      0.00480  0.00479  0.50   72881     349   72708  3502911  48.06
1870-1879       22      0.00477  0.00476  0.50   72532     345   72360  3430203  47.29
1870-1879       23      0.00475  0.00474  0.50   72187     342   72017  3357843  46.52
1870-1879       24      0.00478  0.00477  0.50   71845     342   71675  3285826  45.73
1870-1879       25      0.00485  0.00484  0.50   71503     346   71331  3214151  44.95
1870-1879       26      0.00496  0.00495  0.50   71157     352   70982  3142820  44.17
1870-1879       27      0.00505  0.00504  0.50   70805     357   70627  3071839  43.38
1870-1879       28      0.00514  0.00513  0.50   70448     361   70268  3001212  42.60
1870-1879       29      0.00521  0.00520  0.50   70086     364   69905  2930944  41.82
1870-1879       30      0.00523  0.00521  0.50   69722     363   69541  2861039  41.04
1870-1879       31      0.00524  0.00522  0.50   69359     362   69178  2791498  40.25
1870-1879       32      0.00526  0.00525  0.50   68996     362   68816  2722320  39.46
1870-1879       33      0.00529  0.00527  0.50   68634     362   68454  2653505  38.66
1870-1879       34      0.00532  0.00530  0.50   68272     362   68092  2585051  37.86
1870-1879       35      0.00539  0.00538  0.50   67910     365   67729  2516959  37.06
1870-1879       36      0.00552  0.00550  0.50   67545     372   67360  2449229  36.26
1870-1879       37      0.00566  0.00565  0.50   67174     379   66985  2381869  35.46
1870-1879       38      0.00582  0.00580  0.50   66794     387   66602  2314884  34.66
1870-1879       39      0.00649  0.00647  0.50   66407     429   66192  2248282  33.86
1870-1879       40      0.00628  0.00626  0.50   65977     413   65771  2182090  33.07
1870-1879       41      0.00651  0.00648  0.50   65564     425   65351  2116320  32.28
1870-1879       42      0.00640  0.00638  0.50   65139     415   64930  2050969  31.49
1870-1879       43      0.00658  0.00656  0.50   64724     425   64511  1986039  30.68
1870-1879       44      0.00681  0.00679  0.50   64299     437   64082  1921528  29.88
1870-1879       45      0.00710  0.00708  0.50   63863     452   63635  1857446  29.09
1870-1879       46      0.00731  0.00729  0.50   63411     462   63179  1793811  28.29
1870-1879       47      0.00728  0.00725  0.51   62949     456   62724  1730631  27.49
1870-1879       48      0.00762  0.00759  0.50   62492     474   62255  1667907  26.69
1870-1879       49      0.00822  0.00818  0.50   62018     507   61765  1605652  25.89
1870-1879       50      0.00881  0.00877  0.50   61510     539   61242  1543887  25.10
1870-1879       51      0.00880  0.00876  0.50   60971     534   60706  1482645  24.32
1870-1879       52      0.00955  0.00950  0.50   60437     574   60151  1421939  23.53
1870-1879       53      0.01035  0.01030  0.51   59862     616   59557  1361788  22.75
1870-1879       54      0.01105  0.01099  0.50   59246     651   58922  1302230  21.98
1870-1879       55      0.01167  0.01160  0.51   58595     680   58258  1243308  21.22
1870-1879       56      0.01272  0.01264  0.50   57915     732   57546  1185050  20.46
1870-1879       57      0.01352  0.01343  0.50   57183     768   56801  1127504  19.72
1870-1879       58      0.01463  0.01452  0.51   56415     819   56012  1070704  18.98
1870-1879       59      0.01565  0.01553  0.50   55595     863   55166  1014691  18.25
1870-1879       60      0.01760  0.01744  0.50   54732     955   54258   959526  17.53
1870-1879       61      0.01806  0.01790  0.50   53777     962   53298   905268  16.83
1870-1879       62      0.02021  0.02000  0.50   52815    1057   52290   851970  16.13
1870-1879       63      0.02154  0.02130  0.50   51758    1103   51204   799680  15.45
1870-1879       64      0.02431  0.02402  0.51   50655    1217   50054   748476  14.78
1870-1879       65      0.02561  0.02529  0.50   49438    1250   48818   698422  14.13
1870-1879       66      0.02870  0.02829  0.50   48188    1363   47509   649604  13.48
1870-1879       67      0.03191  0.03141  0.51   46825    1471   46099   602094  12.86
1870-1879       68      0.03365  0.03309  0.50   45354    1501   44609   555995  12.26
1870-1879       69      0.03651  0.03586  0.51   43853    1573   43080   511386  11.66
1870-1879       70      0.04046  0.03967  0.51   42280    1677   41454   468306  11.08
1870-1879       71      0.04330  0.04239  0.50   40603    1721   39750   426853  10.51
1870-1879       72      0.04820  0.04707  0.50   38882    1830   37975   387103   9.96
1870-1879       73      0.05441  0.05298  0.50   37051    1963   36077   349128   9.42
1870-1879       74      0.05803  0.05641  0.50   35088    1979   34107   313051   8.92
1870-1879       75      0.06456  0.06256  0.51   33109    2071   32084   278944   8.42
1870-1879       76      0.06925  0.06695  0.50   31038    2078   30002   246860   7.95
1870-1879       77      0.07839  0.07548  0.51   28960    2186   27886   216857   7.49
1870-1879       78      0.08270  0.07944  0.50   26774    2127   25719   188972   7.06
1870-1879       79      0.09465  0.09040  0.50   24647    2228   23540   163253   6.62
1870-1879       80      0.10168  0.09676  0.50   22419    2169   21334   139713   6.23
1870-1879       81      0.11186  0.10597  0.50   20250    2146   19184   118379   5.85
1870-1879       82      0.12643  0.11896  0.50   18104    2154   17034    99195   5.48
1870-1879       83      0.13670  0.12795  0.50   15950    2041   14930    82161   5.15
1870-1879       84      0.15054  0.14002  0.50   13909    1948   12938    67232   4.83
1870-1879       85      0.16298  0.15071  0.50   11962    1803   11061    54294   4.54
1870-1879       86      0.17988  0.16505  0.50   10159    1677    9321    43233   4.26
1870-1879       87      0.20014  0.18191  0.50    8482    1543    7709    33911   4.00
1870-1879       88      0.21686  0.19554  0.50    6939    1357    6257    26202   3.78
1870-1879       89      0.23839  0.21256  0.49    5582    1187    4977    19944   3.57
1870-1879       90      0.25460  0.22554  0.49    4396     991    3894    14967   3.40
1870-1879       91      0.25894  0.22908  0.50    3404     780    3012    11073   3.25
1870-1879       92      0.28275  0.24767  0.50    2625     650    2299     8061   3.07
1870-1879       93      0.30686  0.26591  0.50    1974     525    1711     5762   2.92
1870-1879       94      0.30421  0.26445  0.51    1449     383    1260     4051   2.79
1870-1879       95      0.34429  0.29371  0.50    1066     313     910     2791   2.62
1870-1879       96      0.35777  0.30320  0.50     753     228     638     1882   2.50
1870-1879       97      0.38520  0.32335  0.50     525     170     440     1243   2.37
1870-1879       98      0.40817  0.33727  0.48     355     120     293      803   2.26
1870-1879       99      0.38801  0.32641  0.51     235      77     198      510   2.17
1870-1879      100      0.46952  0.37885  0.49     158      60     128      312   1.97
1870-1879      101      0.47067  0.37943  0.49      98      37      79      184   1.87
1870-1879      102      0.48227  0.38857  0.50      61      24      49      104   1.71
1870-1879      103      0.60000  0.45794  0.48      37      17      29       55   1.48
1870-1879      104      0.75591  0.55172  0.51      20      11      15       27   1.32
1870-1879      105      0.68421  0.50000  0.46       9       5       7       12   1.32
1870-1879      106      0.88889  0.61538  0.50       5       3       3        5   1.18
1870-1879      107      0.50000  0.40000  0.50       2       1       1        2   1.27
1870-1879      108      1.20000  0.66667  0.33       1       1       1        1   0.78
1870-1879      109      1.50000  1.00000  0.67       0       0       0        0   0.67
1870-1879      110+           .        .     .       0       0       0        0      .
1880-1889        0      0.13707  0.12529  0.31  100000   12529   91406  5401257  54.01
1880-1889        1      0.03292  0.03236  0.48   87471    2830   85989  5309851  60.70
1880-1889        2      0.01778  0.01762  0.50   84641    1492   83892  5223862  61.72
1880-1889        3      0.01434  0.01424  0.50   83149    1184   82558  5139970  61.82
1880-1889        4      0.01191  0.01184  0.50   81965     971   81480  5057412  61.70
1880-1889        5      0.00998  0.00993  0.50   80994     805   80592  4975932  61.44
1880-1889        6      0.00830  0.00827  0.50   80190     663   79857  4895340  61.05
1880-1889        7      0.00691  0.00688  0.50   79527     547   79252  4815483  60.55
1880-1889        8      0.00579  0.00577  0.49   78979     456   78749  4736231  59.97
1880-1889        9      0.00501  0.00499  0.50   78523     392   78326  4657482  59.31
1880-1889       10      0.00459  0.00458  0.50   78131     358   77953  4579157  58.61
1880-1889       11      0.00425  0.00424  0.50   77773     330   77609  4501204  57.88
1880-1889       12      0.00399  0.00398  0.50   77444     308   77290  4423595  57.12
1880-1889       13      0.00378  0.00377  0.50   77136     291   76990  4346305  56.35
1880-1889       14      0.00368  0.00367  0.50   76845     282   76704  4269314  55.56
1880-1889       15      0.00371  0.00371  0.50   76563     284   76422  4192610  54.76
1880-1889       16      0.00382  0.00381  0.51   76279     291   76135  4116188  53.96
1880-1889       17      0.00392  0.00391  0.50   75988     297   75841  4040054  53.17
1880-1889       18      0.00402  0.00402  0.51   75691     304   75541  3964213  52.37
1880-1889       19      0.00410  0.00409  0.50   75387     308   75234  3888672  51.58
1880-1889       20      0.00408  0.00407  0.50   75078     305   74926  3813438  50.79
1880-1889       21      0.00405  0.00404  0.50   74773     302   74623  3738512  50.00
1880-1889       22      0.00410  0.00409  0.50   74471     305   74320  3663889  49.20
1880-1889       23      0.00417  0.00416  0.50   74167     308   74013  3589569  48.40
1880-1889       24      0.00423  0.00422  0.50   73858     312   73703  3515556  47.60
1880-1889       25      0.00427  0.00426  0.50   73547     313   73390  3441853  46.80
1880-1889       26      0.00425  0.00424  0.50   73234     311   73078  3368463  46.00
1880-1889       27      0.00436  0.00435  0.50   72923     317   72765  3295385  45.19
1880-1889       28      0.00459  0.00458  0.51   72606     333   72442  3222619  44.39
1880-1889       29      0.00520  0.00519  0.50   72273     375   72086  3150177  43.59
1880-1889       30      0.00547  0.00545  0.50   71898     392   71702  3078091  42.81
1880-1889       31      0.00531  0.00530  0.49   71506     379   71315  3006389  42.04
1880-1889       32      0.00549  0.00547  0.50   71127     389   70932  2935074  41.27
1880-1889       33      0.00550  0.00548  0.50   70738     388   70543  2864142  40.49
1880-1889       34      0.00547  0.00546  0.50   70350     384   70157  2793599  39.71
1880-1889       35      0.00527  0.00526  0.49   69966     368   69780  2723442  38.93
1880-1889       36      0.00524  0.00523  0.50   69598     364   69417  2653662  38.13
1880-1889       37      0.00515  0.00514  0.50   69234     356   69057  2584245  37.33
1880-1889       38      0.00542  0.00541  0.50   68878     372   68691  2515188  36.52
1880-1889       39      0.00498  0.00497  0.50   68506     341   68336  2446496  35.71
1880-1889       40      0.00487  0.00486  0.50   68165     331   67999  2378161  34.89
1880-1889       41      0.00510  0.00509  0.50   67834     345   67660  2310161  34.06
1880-1889       42      0.00512  0.00511  0.50   67489     345   67316  2242501  33.23
1880-1889       43      0.00544  0.00543  0.51   67144     364   66966  2175186  32.40
1880-1889       44      0.00549  0.00547  0.50   66780     366   66597  2108220  31.57
1880-1889       45      0.00578  0.00576  0.51   66415     383   66226  2041622  30.74
1880-1889       46      0.00610  0.00608  0.50   66032     402   65832  1975396  29.92
1880-1889       47      0.00646  0.00644  0.51   65630     423   65421  1909565  29.10
1880-1889       48      0.00704  0.00701  0.50   65207     457   64981  1844144  28.28
1880-1889       49      0.00728  0.00725  0.50   64750     470   64517  1779163  27.48
1880-1889       50      0.00774  0.00771  0.50   64280     496   64033  1714646  26.67
1880-1889       51      0.00780  0.00777  0.50   63785     496   63537  1650613  25.88
1880-1889       52      0.00845  0.00841  0.50   63289     532   63022  1587076  25.08
1880-1889       53      0.00917  0.00913  0.51   62756     573   62473  1524054  24.29
1880-1889       54      0.00946  0.00942  0.50   62184     586   61889  1461581  23.50
1880-1889       55      0.00975  0.00970  0.50   61598     598   61300  1399692  22.72
1880-1889       56      0.01087  0.01082  0.51   61001     660   60676  1338392  21.94
1880-1889       57      0.01172  0.01165  0.51   60341     703   59996  1277716  21.18
1880-1889       58      0.01231  0.01224  0.50   59638     730   59271  1217721  20.42
1880-1889       59      0.01331  0.01322  0.50   58908     779   58520  1158449  19.67
1880-1889       60      0.01412  0.01402  0.51   58129     815   57726  1099929  18.92
1880-1889       61      0.01560  0.01548  0.50   57315     887   56870  1042203  18.18
1880-1889       62      0.01683  0.01669  0.51   56427     942   55965   985333  17.46
1880-1889       63      0.01811  0.01794  0.50   55485     996   54986   929369  16.75
1880-1889       64      0.01961  0.01942  0.50   54490    1058   53963   874382  16.05
1880-1889       65      0.02088  0.02066  0.50   53432    1104   52881   820419  15.35
1880-1889       66      0.02254  0.02229  0.50   52328    1167   51746   767539  14.67
1880-1889       67      0.02386  0.02358  0.51   51161    1206   50566   715793  13.99
1880-1889       68      0.02738  0.02701  0.50   49955    1349   49284   665226  13.32
1880-1889       69      0.02996  0.02952  0.51   48606    1435   47896   615942  12.67
1880-1889       70      0.03348  0.03293  0.50   47171    1554   46398   568046  12.04
1880-1889       71      0.03612  0.03548  0.50   45617    1619   44814   521648  11.44
1880-1889       72      0.03996  0.03918  0.50   43998    1724   43137   476834  10.84
1880-1889       73      0.04608  0.04504  0.50   42275    1904   41325   433696  10.26
1880-1889       74      0.04917  0.04800  0.50   40371    1938   39410   392371   9.72
1880-1889       75      0.05555  0.05405  0.50   38433    2077   37394   352961   9.18
1880-1889       76      0.06342  0.06149  0.50   36355    2235   35248   315567   8.68
1880-1889       77      0.06811  0.06588  0.50   34120    2248   33006   280318   8.22
1880-1889       78      0.07553  0.07279  0.50   31872    2320   30718   247312   7.76
1880-1889       79      0.08321  0.07988  0.50   29552    2361   28370   216594   7.33
1880-1889       80      0.09322  0.08910  0.50   27191    2423   25989   188224   6.92
1880-1889       81      0.10046  0.09564  0.50   24768    2369   23580   162235   6.55
1880-1889       82      0.10657  0.10118  0.50   22400    2266   21266   138655   6.19
1880-1889       83      0.11738  0.11087  0.50   20133    2232   19015   117388   5.83
1880-1889       84      0.12765  0.12000  0.50   17901    2148   16827    98373   5.50
1880-1889       85      0.13404  0.12560  0.50   15753    1979   14761    81546   5.18
1880-1889       86      0.15235  0.14160  0.50   13774    1950   12802    66785   4.85
1880-1889       87      0.16241  0.15020  0.50   11824    1776   10935    53983   4.57
1880-1889       88      0.17454  0.16049  0.50   10048    1613    9239    43048   4.28
1880-1889       89      0.19250  0.17561  0.50    8435    1481    7695    33808   4.01
1880-1889       90      0.21348  0.19281  0.50    6954    1341    6281    26113   3.76
1880-1889       91      0.22996  0.20625  0.50    5613    1158    5035    19832   3.53
1880-1889       92      0.24772  0.22047  0.50    4456     982    3966    14798   3.32
1880-1889       93      0.26503  0.23393  0.50    3473     812    3066    10832   3.12
1880-1889       94      0.28230  0.24756  0.50    2661     659    2333     7766   2.92
1880-1889       95      0.32357  0.27827  0.50    2002     557    1722     5433   2.71
1880-1889       96      0.34356  0.29344  0.50    1445     424    1234     3711   2.57
1880-1889       97      0.35826  0.30339  0.50    1021     310     865     2477   2.43
1880-1889       98      0.38957  0.32653  0.50     711     232     596     1613   2.27
1880-1889       99      0.41178  0.34107  0.50     479     163     397     1017   2.12
1880-1889      100      0.47821  0.38650  0.50     316     122     255      620   1.96
1880-1889      101      0.48323  0.39075  0.51     194      76     157      365   1.88
1880-1889      102      0.51803  0.41361  0.51     118      49      94      208   1.77
1880-1889      103      0.52941  0.41518  0.48      69      29      54      114   1.65
1880-1889      104      0.61000  0.46565  0.49      40      19      31       60   1.48
1880-1889      105      0.88732  0.60000  0.46      22      13      15       29   1.34
1880-1889      106      0.52941  0.42857  0.56       9       4       7       14   1.67
1880-1889      107      0.72727  0.50000  0.37       5       2       3        7   1.50
1880-1889      108      0.47368  0.37500  0.44       2       1       2        4   1.63
1880-1889      109      0.81818  0.60000  0.56       2       1       1        2   1.33
1880-1889      110+     0.66667  1.00000  1.50       1       1       1        1   1.50
1890-1899        0      0.13377  0.12253  0.31  100000   12253   91596  5886631  58.87
1890-1899        1      0.02693  0.02655  0.47   87747    2330   86515  5795036  66.04
1890-1899        2      0.01318  0.01309  0.49   85417    1118   84848  5708520  66.83
1890-1899        3      0.00838  0.00835  0.49   84299     704   83938  5623673  66.71
1890-1899        4      0.00601  0.00599  0.49   83595     501   83338  5539734  66.27
1890-1899        5      0.00453  0.00452  0.50   83094     376   82905  5456396  65.67
1890-1899        6      0.00378  0.00377  0.50   82718     312   82561  5373491  64.96
1890-1899        7      0.00323  0.00323  0.50   82407     266   82272  5290930  64.21
1890-1899        8      0.00284  0.00283  0.50   82140     233   82024  5208657  63.41
1890-1899        9      0.00261  0.00260  0.50   81908     213   81801  5126633  62.59
1890-1899       10      0.00242  0.00242  0.50   81695     198   81596  5044833  61.75
1890-1899       11      0.00230  0.00230  0.50   81497     187   81404  4963237  60.90
1890-1899       12      0.00228  0.00227  0.50   81310     185   81218  4881833  60.04
1890-1899       13      0.00237  0.00236  0.50   81125     192   81030  4800615  59.18
1890-1899       14      0.00251  0.00250  0.50   80933     203   80832  4719585  58.31
1890-1899       15      0.00271  0.00271  0.50   80731     219   80622  4638753  57.46
1890-1899       16      0.00292  0.00292  0.50   80512     235   80396  4558130  56.61
1890-1899       17      0.00310  0.00310  0.51   80277     249   80155  4477735  55.78
1890-1899       18      0.00346  0.00345  0.51   80029     276   79894  4397580  54.95
1890-1899       19      0.00397  0.00396  0.50   79752     316   79595  4317687  54.14
1890-1899       20      0.00417  0.00416  0.50   79437     331   79271  4238091  53.35
1890-1899       21      0.00419  0.00419  0.50   79106     331   78939  4158820  52.57
1890-1899       22      0.00459  0.00458  0.50   78775     361   78594  4079881  51.79
1890-1899       23      0.00451  0.00450  0.50   78415     353   78237  4001287  51.03
1890-1899       24      0.00422  0.00421  0.49   78061     328   77895  3923049  50.26
1890-1899       25      0.00479  0.00477  0.50   77733     371   77546  3845154  49.47
1890-1899       26      0.00459  0.00458  0.50   77362     354   77183  3767608  48.70
1890-1899       27      0.00429  0.00428  0.50   77008     330   76843  3690425  47.92
1890-1899       28      0.00420  0.00419  0.50   76678     321   76517  3613582  47.13
1890-1899       29      0.00369  0.00368  0.50   76357     281   76215  3537065  46.32
1890-1899       30      0.00361  0.00361  0.49   76076     274   75936  3460850  45.49
1890-1899       31      0.00337  0.00337  0.51   75801     255   75677  3384913  44.66
1890-1899       32      0.00358  0.00357  0.51   75546     270   75415  3309237  43.80
1890-1899       33      0.00337  0.00337  0.51   75276     254   75153  3233822  42.96
1890-1899       34      0.00356  0.00355  0.51   75022     266   74891  3158669  42.10
1890-1899       35      0.00386  0.00385  0.51   74756     288   74614  3083778  41.25
1890-1899       36      0.00389  0.00388  0.50   74468     289   74324  3009164  40.41
1890-1899       37      0.00382  0.00381  0.50   74179     282   74038  2934841  39.56
1890-1899       38      0.00428  0.00427  0.51   73896     316   73741  2860803  38.71
1890-1899       39      0.00414  0.00413  0.50   73581     304   73430  2787061  37.88
1890-1899       40      0.00402  0.00402  0.50   73277     294   73130  2713632  37.03
1890-1899       41      0.00405  0.00404  0.50   72982     295   72835  2640502  36.18
1890-1899       42      0.00430  0.00429  0.50   72687     312   72532  2567667  35.32
1890-1899       43      0.00407  0.00407  0.50   72376     294   72229  2495135  34.47
1890-1899       44      0.00457  0.00456  0.51   72081     328   71919  2422906  33.61
1890-1899       45      0.00502  0.00501  0.51   71753     359   71575  2350988  32.77
1890-1899       46      0.00511  0.00509  0.50   71393     364   71212  2279412  31.93
1890-1899       47      0.00522  0.00521  0.51   71030     370   70847  2208200  31.09
1890-1899       48      0.00565  0.00563  0.50   70660     398   70461  2137353  30.25
1890-1899       49      0.00584  0.00582  0.51   70262     409   70060  2066892  29.42
1890-1899       50      0.00608  0.00606  0.51   69853     423   69644  1996832  28.59
1890-1899       51      0.00652  0.00650  0.50   69430     451   69204  1927189  27.76
1890-1899       52      0.00673  0.00671  0.50   68978     463   68749  1857985  26.94
1890-1899       53      0.00721  0.00718  0.51   68516     492   68273  1789236  26.11
1890-1899       54      0.00734  0.00732  0.50   68024     498   67777  1720963  25.30
1890-1899       55      0.00809  0.00806  0.51   67526     544   67258  1653186  24.48
1890-1899       56      0.00849  0.00845  0.51   66982     566   66702  1585928  23.68
1890-1899       57      0.00847  0.00844  0.50   66416     560   66137  1519225  22.87
1890-1899       58      0.00923  0.00919  0.51   65855     605   65556  1453088  22.06
1890-1899       59      0.01042  0.01036  0.50   65250     676   64913  1387532  21.26
1890-1899       60      0.01150  0.01144  0.50   64574     739   64207  1322619  20.48
1890-1899       61      0.01215  0.01208  0.50   63835     771   63452  1258412  19.71
1890-1899       62      0.01310  0.01302  0.50   63064     821   62654  1194960  18.95
1890-1899       63      0.01411  0.01401  0.50   62243     872   61806  1132306  18.19
1890-1899       64      0.01519  0.01508  0.51   61371     925   60915  1070500  17.44
1890-1899       65      0.01736  0.01721  0.50   60446    1040   59922  1009586  16.70
1890-1899       66      0.01928  0.01910  0.50   59406    1135   58840   949663  15.99
1890-1899       67      0.02131  0.02108  0.50   58271    1229   57662   890823  15.29
1890-1899       68      0.02352  0.02324  0.50   57043    1326   56375   833161  14.61
1890-1899       69      0.02587  0.02554  0.50   55717    1423   55010   776786  13.94
1890-1899       70      0.02866  0.02825  0.50   54293    1534   53528   721776  13.29
1890-1899       71      0.03168  0.03119  0.50   52760    1646   51937   668248  12.67
1890-1899       72      0.03571  0.03509  0.50   51114    1793   50215   616311  12.06
1890-1899       73      0.03737  0.03669  0.50   49321    1809   48418   566096  11.48
1890-1899       74      0.04161  0.04076  0.50   47511    1936   46540   517678  10.90
1890-1899       75      0.04425  0.04329  0.50   45575    1973   44593   471138  10.34
1890-1899       76      0.04939  0.04820  0.50   43602    2102   42554   426545   9.78
1890-1899       77      0.05430  0.05287  0.50   41500    2194   40408   383991   9.25
1890-1899       78      0.05898  0.05730  0.50   39306    2252   38185   343583   8.74
1890-1899       79      0.06449  0.06249  0.50   37054    2315   35904   305398   8.24
1890-1899       80      0.07055  0.06816  0.50   34739    2368   33559   269494   7.76
1890-1899       81      0.07837  0.07545  0.51   32371    2442   31164   235935   7.29
1890-1899       82      0.08559  0.08212  0.51   29929    2458   28716   204771   6.84
1890-1899       83      0.09475  0.09047  0.50   27471    2485   26232   176055   6.41
1890-1899       84      0.10424  0.09909  0.50   24985    2476   23751   149823   6.00
1890-1899       85      0.11650  0.11014  0.50   22510    2479   21281   126071   5.60
1890-1899       86      0.12732  0.11971  0.50   20031    2398   18833   104790   5.23
1890-1899       87      0.14151  0.13223  0.50   17633    2332   16476    85957   4.87
1890-1899       88      0.15466  0.14361  0.50   15301    2197   14208    69481   4.54
1890-1899       89      0.17187  0.15825  0.50   13104    2074   12065    55273   4.22
1890-1899       90      0.19112  0.17442  0.50   11030    1924   10066    43208   3.92
1890-1899       91      0.20962  0.18974  0.50    9106    1728    8242    33142   3.64
1890-1899       92      0.23716  0.21189  0.50    7378    1563    6592    24900   3.37
1890-1899       93      0.25919  0.22951  0.50    5815    1335    5149    18308   3.15
1890-1899       94      0.28205  0.24731  0.50    4480    1108    3929    13159   2.94
1890-1899       95      0.30160  0.26191  0.50    3372     883    2929     9230   2.74
1890-1899       96      0.34636  0.29556  0.50    2489     736    2124     6301   2.53
1890-1899       97      0.36893  0.31118  0.50    1753     546    1479     4177   2.38
1890-1899       98      0.39007  0.32508  0.49    1208     393    1007     2698   2.23
1890-1899       99      0.42099  0.34638  0.49     815     282     671     1692   2.08
1890-1899      100      0.48903  0.38930  0.48     533     207     424     1021   1.92
1890-1899      101      0.51432  0.40893  0.50     325     133     259      597   1.83
1890-1899      102      0.52831  0.41926  0.51     192      81     153      338   1.76
1890-1899      103      0.55616  0.43367  0.49     112      48      87      186   1.66
1890-1899      104      0.57115  0.44595  0.51      63      28      49       99   1.56
1890-1899      105      0.65125  0.49593  0.52      35      17      27       49   1.40
1890-1899      106      0.62937  0.48387  0.52      18       9      14       23   1.27
1890-1899      107      0.81818  0.56250  0.44       9       5       6        9   0.98
1890-1899      108      1.32000  0.78571  0.48       4       3       2        3   0.67
1890-1899      109      3.00000  1.00000  0.33       1       1       0        0   0.33
1890-1899      110+           .        .     .       0       0       0        0      .
1900-1909        0      0.11066  0.10285  0.31  100000   10285   92945  6429894  64.30
1900-1909        1      0.01748  0.01732  0.48   89715    1554   88900  6336948  70.63
1900-1909        2      0.00655  0.00653  0.50   88161     576   87871  6248049  70.87
1900-1909        3      0.00442  0.00441  0.50   87585     387   87390  6160178  70.33
1900-1909        4      0.00328  0.00328  0.50   87199     286   87055  6072787  69.64
1900-1909        5      0.00261  0.00260  0.50   86913     226   86800  5985733  68.87
1900-1909        6      0.00235  0.00234  0.50   86687     203   86586  5898933  68.05
1900-1909        7      0.00213  0.00213  0.50   86483     184   86392  5812347  67.21
1900-1909        8      0.00203  0.00203  0.50   86300     175   86212  5725955  66.35
1900-1909        9      0.00192  0.00191  0.50   86125     165   86042  5639742  65.48
1900-1909       10      0.00183  0.00183  0.51   85960     157   85882  5553701  64.61
1900-1909       11      0.00177  0.00177  0.50   85803     152   85727  5467818  63.73
1900-1909       12      0.00186  0.00186  0.50   85651     159   85572  5382092  62.84
1900-1909       13      0.00206  0.00206  0.51   85492     176   85405  5296520  61.95
1900-1909       14      0.00231  0.00230  0.51   85316     197   85220  5211115  61.08
1900-1909       15      0.00235  0.00235  0.50   85119     200   85020  5125895  60.22
1900-1909       16      0.00266  0.00266  0.50   84920     226   84808  5040875  59.36
1900-1909       17      0.00305  0.00305  0.51   84694     258   84566  4956067  58.52
1900-1909       18      0.00305  0.00304  0.50   84436     257   84307  4871501  57.69
1900-1909       19      0.00300  0.00300  0.51   84179     252   84055  4787194  56.87
1900-1909       20      0.00284  0.00283  0.50   83927     238   83808  4703139  56.04
1900-1909       21      0.00283  0.00283  0.50   83689     237   83570  4619332  55.20
1900-1909       22      0.00288  0.00288  0.51   83452     240   83335  4535762  54.35
1900-1909       23      0.00290  0.00290  0.50   83212     241   83093  4452428  53.51
1900-1909       24      0.00285  0.00285  0.52   82971     236   82857  4369335  52.66
1900-1909       25      0.00292  0.00291  0.51   82735     241   82616  4286478  51.81
1900-1909       26      0.00284  0.00283  0.51   82494     234   82379  4203862  50.96
1900-1909       27      0.00276  0.00276  0.51   82260     227   82149  4121483  50.10
1900-1909       28      0.00282  0.00282  0.50   82033     231   81918  4039335  49.24
1900-1909       29      0.00288  0.00288  0.50   81802     235   81685  3957416  48.38
1900-1909       30      0.00282  0.00282  0.50   81567     230   81452  3875731  47.52
1900-1909       31      0.00264  0.00264  0.50   81337     215   81230  3794279  46.65
1900-1909       32      0.00270  0.00269  0.51   81122     219   81015  3713049  45.77
1900-1909       33      0.00272  0.00272  0.50   80904     220   80794  3632035  44.89
1900-1909       34      0.00276  0.00276  0.51   80684     223   80575  3551241  44.01
1900-1909       35      0.00289  0.00288  0.51   80461     232   80347  3470666  43.13
1900-1909       36      0.00295  0.00294  0.51   80229     236   80113  3390319  42.26
1900-1909       37      0.00283  0.00282  0.50   79993     226   79880  3310206  41.38
1900-1909       38      0.00299  0.00299  0.50   79767     238   79647  3230326  40.50
1900-1909       39      0.00293  0.00293  0.51   79529     233   79415  3150679  39.62
1900-1909       40      0.00304  0.00304  0.49   79296     241   79172  3071264  38.73
1900-1909       41      0.00308  0.00307  0.51   79055     243   78935  2992092  37.85
1900-1909       42      0.00298  0.00297  0.51   78812     234   78697  2913157  36.96
1900-1909       43      0.00314  0.00314  0.52   78578     247   78459  2834459  36.07
1900-1909       44      0.00329  0.00329  0.50   78331     257   78203  2756001  35.18
1900-1909       45      0.00365  0.00365  0.49   78074     285   77929  2677798  34.30
1900-1909       46      0.00375  0.00374  0.49   77789     291   77642  2599869  33.42
1900-1909       47      0.00395  0.00394  0.51   77498     305   77348  2522227  32.55
1900-1909       48      0.00426  0.00425  0.50   77193     328   77028  2444880  31.67
1900-1909       49      0.00430  0.00429  0.50   76865     330   76702  2367852  30.81
1900-1909       50      0.00467  0.00466  0.50   76535     357   76357  2291150  29.94
1900-1909       51      0.00491  0.00490  0.50   76179     373   75994  2214794  29.07
1900-1909       52      0.00514  0.00513  0.51   75806     389   75614  2138800  28.21
1900-1909       53      0.00567  0.00565  0.50   75417     426   75204  2063186  27.36
1900-1909       54      0.00596  0.00595  0.51   74991     446   74773  1987982  26.51
1900-1909       55      0.00666  0.00664  0.50   74545     495   74300  1913209  25.67
1900-1909       56      0.00679  0.00676  0.50   74050     501   73797  1838909  24.83
1900-1909       57      0.00765  0.00762  0.50   73549     560   73270  1765112  24.00
1900-1909       58      0.00844  0.00840  0.51   72989     613   72686  1691841  23.18
1900-1909       59      0.00866  0.00862  0.50   72375     624   72065  1619156  22.37
1900-1909       60      0.00972  0.00967  0.50   71751     694   71407  1547090  21.56
1900-1909       61      0.01088  0.01082  0.51   71057     769   70679  1475684  20.77
1900-1909       62      0.01205  0.01198  0.50   70289     842   69867  1405005  19.99
1900-1909       63      0.01315  0.01306  0.50   69447     907   68994  1335138  19.23
1900-1909       64      0.01410  0.01400  0.50   68540     959   68061  1266144  18.47
1900-1909       65      0.01562  0.01550  0.50   67580    1048   67057  1198083  17.73
1900-1909       66      0.01623  0.01610  0.50   66533    1071   66001  1131025  17.00
1900-1909       67      0.01806  0.01790  0.50   65462    1171   64881  1065024  16.27
1900-1909       68      0.01962  0.01943  0.51   64290    1249   63673  1000144  15.56
1900-1909       69      0.02150  0.02127  0.50   63041    1341   62374   936470  14.85
1900-1909       70      0.02401  0.02373  0.50   61700    1464   60970   874096  14.17
1900-1909       71      0.02635  0.02601  0.50   60236    1567   59459   813127  13.50
1900-1909       72      0.02825  0.02786  0.50   58670    1634   57855   753668  12.85
1900-1909       73      0.03116  0.03068  0.50   57035    1750   56160   695814  12.20
1900-1909       74      0.03384  0.03328  0.50   55285    1840   54374   639653  11.57
1900-1909       75      0.03742  0.03674  0.50   53445    1964   52467   585280  10.95
1900-1909       76      0.04172  0.04088  0.50   51482    2104   50436   532813  10.35
1900-1909       77      0.04613  0.04509  0.50   49378    2227   48273   482376   9.77
1900-1909       78      0.05049  0.04925  0.50   47151    2322   45990   434104   9.21
1900-1909       79      0.05687  0.05531  0.50   44829    2480   43598   388114   8.66
1900-1909       80      0.06342  0.06149  0.50   42349    2604   41059   344516   8.14
1900-1909       81      0.06880  0.06651  0.50   39745    2644   38426   303457   7.64
1900-1909       82      0.07699  0.07416  0.50   37102    2751   35737   265031   7.14
1900-1909       83      0.08673  0.08314  0.50   34350    2856   32929   229294   6.68
1900-1909       84      0.09684  0.09240  0.50   31494    2910   30049   196364   6.23
1900-1909       85      0.10839  0.10283  0.50   28584    2939   27119   166315   5.82
1900-1909       86      0.11870  0.11210  0.50   25645    2875   24218   139196   5.43
1900-1909       87      0.13364  0.12529  0.50   22770    2853   21347   114978   5.05
1900-1909       88      0.15000  0.13963  0.50   19917    2781   18540    93631   4.70
1900-1909       89      0.16242  0.15024  0.50   17136    2575   15852    75091   4.38
1900-1909       90      0.18139  0.16631  0.50   14561    2422   13351    59239   4.07
1900-1909       91      0.20144  0.18319  0.51   12140    2224   11040    45889   3.78
1900-1909       92      0.22402  0.20140  0.50    9916    1997    8915    34849   3.51
1900-1909       93      0.24170  0.21553  0.50    7919    1707    7061    25934   3.28
1900-1909       94      0.27724  0.24351  0.50    6212    1513    5456    18873   3.04
1900-1909       95      0.29491  0.25708  0.50    4699    1208    4097    13416   2.85
1900-1909       96      0.32162  0.27696  0.50    3491     967    3006     9320   2.67
1900-1909       97      0.34361  0.29318  0.50    2524     740    2154     6313   2.50
1900-1909       98      0.38052  0.31965  0.50    1784     570    1499     4160   2.33
1900-1909       99      0.40475  0.33653  0.50    1214     409    1009     2661   2.19
1900-1909      100      0.43706  0.35752  0.49     805     288     659     1651   2.05
1900-1909      101      0.48280  0.38886  0.50     517     201     417      993   1.92
1900-1909      102      0.49870  0.39799  0.49     316     126     252      576   1.82
1900-1909      103      0.54644  0.42917  0.50     190      82     150      324   1.70
1900-1909      104      0.56211  0.43552  0.48     109      47      84      174   1.60
1900-1909      105      0.69629  0.51724  0.50      61      32      46       90   1.46
1900-1909      106      0.59221  0.45536  0.49      30      13      23       44   1.49
1900-1909      107      0.72291  0.52751  0.49      16       9      12       21   1.33
1900-1909      108      0.67245  0.48889  0.44       8       4       6       10   1.27
1900-1909      109      0.67933  0.49367  0.45       4       2       3        4   1.07
1900-1909      110+     1.48873  1.00000  0.67       2       2       1        1   0.67
1910-1919        0      0.08822  0.08319  0.31  100000    8319   94294  6817925  68.18
1910-1919        1      0.01352  0.01342  0.47   91681    1231   91034  6723631  73.34
1910-1919        2      0.00589  0.00587  0.50   90451     531   90183  6632597  73.33
1910-1919        3      0.00353  0.00352  0.49   89920     316   89759  6542414  72.76
1910-1919        4      0.00284  0.00283  0.50   89603     254   89476  6452655  72.01
1910-1919        5      0.00224  0.00224  0.49   89349     200   89248  6363179  71.22
1910-1919        6      0.00202  0.00202  0.50   89149     180   89058  6273931  70.38
1910-1919        7      0.00183  0.00183  0.51   88969     163   88889  6184873  69.52
1910-1919        8      0.00163  0.00163  0.49   88807     145   88733  6095984  68.64
1910-1919        9      0.00125  0.00125  0.50   88662     111   88606  6007251  67.75
1910-1919       10      0.00101  0.00101  0.50   88551      90   88506  5918646  66.84
1910-1919       11      0.00105  0.00105  0.50   88461      93   88415  5830140  65.91
1910-1919       12      0.00101  0.00101  0.52   88368      89   88325  5741725  64.98
1910-1919       13      0.00100  0.00100  0.51   88279      88   88236  5653400  64.04
1910-1919       14      0.00114  0.00114  0.51   88191     101   88141  5565165  63.10
1910-1919       15      0.00141  0.00141  0.51   88090     124   88029  5477023  62.18
1910-1919       16      0.00156  0.00156  0.50   87965     137   87897  5388994  61.26
1910-1919       17      0.00178  0.00178  0.50   87828     156   87750  5301097  60.36
1910-1919       18      0.00197  0.00197  0.49   87672     172   87585  5213347  59.46
1910-1919       19      0.00192  0.00191  0.50   87499     167   87416  5125762  58.58
1910-1919       20      0.00205  0.00204  0.49   87332     178   87241  5038346  57.69
1910-1919       21      0.00198  0.00198  0.50   87153     173   87067  4951105  56.81
1910-1919       22      0.00176  0.00176  0.50   86981     153   86905  4864038  55.92
1910-1919       23      0.00189  0.00189  0.50   86828     164   86745  4777133  55.02
1910-1919       24      0.00194  0.00193  0.50   86664     168   86581  4690388  54.12
1910-1919       25      0.00207  0.00207  0.50   86496     179   86407  4603807  53.23
1910-1919       26      0.00189  0.00189  0.51   86317     163   86237  4517400  52.34
1910-1919       27      0.00196  0.00195  0.51   86153     168   86071  4431164  51.43
1910-1919       28      0.00195  0.00195  0.50   85985     168   85901  4345093  50.53
1910-1919       29      0.00192  0.00191  0.50   85818     164   85736  4259192  49.63
1910-1919       30      0.00191  0.00191  0.51   85653     163   85573  4173456  48.72
1910-1919       31      0.00190  0.00190  0.49   85490     162   85408  4087884  47.82
1910-1919       32      0.00184  0.00184  0.51   85328     157   85251  4002476  46.91
1910-1919       33      0.00193  0.00192  0.50   85171     164   85088  3917225  45.99
1910-1919       34      0.00167  0.00167  0.49   85007     142   84935  3832136  45.08
1910-1919       35      0.00199  0.00199  0.49   84865     169   84780  3747201  44.15
1910-1919       36      0.00168  0.00168  0.50   84697     143   84625  3662421  43.24
1910-1919       37      0.00173  0.00172  0.51   84554     146   84482  3577796  42.31
1910-1919       38      0.00180  0.00180  0.50   84408     152   84333  3493314  41.39
1910-1919       39      0.00185  0.00184  0.51   84257     155   84181  3408981  40.46
1910-1919       40      0.00199  0.00199  0.51   84101     167   84019  3324801  39.53
1910-1919       41      0.00205  0.00205  0.51   83934     172   83849  3240782  38.61
1910-1919       42      0.00226  0.00225  0.50   83762     189   83667  3156933  37.69
1910-1919       43      0.00243  0.00242  0.50   83573     203   83473  3073265  36.77
1910-1919       44      0.00254  0.00254  0.50   83371     212   83265  2989792  35.86
1910-1919       45      0.00280  0.00280  0.50   83159     233   83043  2906528  34.95
1910-1919       46      0.00296  0.00295  0.51   82926     245   82805  2823484  34.05
1910-1919       47      0.00322  0.00322  0.50   82681     266   82549  2740679  33.15
1910-1919       48      0.00353  0.00353  0.50   82415     291   82270  2658129  32.25
1910-1919       49      0.00369  0.00368  0.51   82125     302   81975  2575859  31.37
1910-1919       50      0.00427  0.00426  0.50   81822     348   81647  2493884  30.48
1910-1919       51      0.00472  0.00471  0.51   81474     384   81285  2412237  29.61
1910-1919       52      0.00496  0.00495  0.51   81091     401   80894  2330952  28.75
1910-1919       53      0.00520  0.00519  0.50   80689     419   80479  2250058  27.89
1910-1919       54      0.00576  0.00574  0.50   80270     461   80041  2169579  27.03
1910-1919       55      0.00633  0.00631  0.49   79810     504   79555  2089538  26.18
1910-1919       56      0.00700  0.00698  0.51   79306     553   79033  2009983  25.34
1910-1919       57      0.00756  0.00753  0.51   78753     593   78459  1930949  24.52
1910-1919       58      0.00784  0.00781  0.50   78159     611   77857  1852490  23.70
1910-1919       59      0.00870  0.00866  0.51   77549     672   77216  1774633  22.88
1910-1919       60      0.00954  0.00949  0.50   76877     730   76516  1697417  22.08
1910-1919       61      0.01018  0.01013  0.50   76147     771   75764  1620901  21.29
1910-1919       62      0.01094  0.01088  0.50   75376     820   74968  1545138  20.50
1910-1919       63      0.01215  0.01207  0.50   74556     900   74110  1470170  19.72
1910-1919       64      0.01353  0.01344  0.50   73656     990   73163  1396060  18.95
1910-1919       65      0.01403  0.01393  0.51   72666    1012   72166  1322897  18.21
1910-1919       66      0.01552  0.01540  0.50   71654    1103   71104  1250731  17.46
1910-1919       67      0.01665  0.01651  0.50   70550    1165   69970  1179627  16.72
1910-1919       68      0.01824  0.01808  0.50   69385    1254   68758  1109658  15.99
1910-1919       69      0.02020  0.01999  0.50   68131    1362   67454  1040900  15.28
1910-1919       70      0.02257  0.02232  0.50   66768    1490   66029   973445  14.58
1910-1919       71      0.02495  0.02465  0.50   65278    1609   64481   907416  13.90
1910-1919       72      0.02693  0.02658  0.50   63669    1692   62831   842935  13.24
1910-1919       73      0.02979  0.02936  0.50   61977    1819   61069   780104  12.59
1910-1919       74      0.03276  0.03223  0.50   60158    1939   59190   719035  11.95
1910-1919       75      0.03636  0.03571  0.51   58219    2079   57192   659845  11.33
1910-1919       76      0.04023  0.03944  0.50   56139    2214   55032   602653  10.73
1910-1919       77      0.04432  0.04335  0.50   53925    2338   52755   547621  10.16
1910-1919       78      0.04856  0.04742  0.50   51588    2446   50369   494866   9.59
1910-1919       79      0.05423  0.05281  0.50   49141    2595   47850   444497   9.05
1910-1919       80      0.05968  0.05796  0.50   46546    2698   45208   396648   8.52
1910-1919       81      0.06591  0.06382  0.50   43849    2798   42460   351440   8.01
1910-1919       82      0.07354  0.07094  0.50   41050    2912   39600   308979   7.53
1910-1919       83      0.08196  0.07874  0.50   38138    3003   36642   269380   7.06
1910-1919       84      0.09009  0.08622  0.50   35135    3029   33625   232738   6.62
1910-1919       85      0.09817  0.09360  0.50   32106    3005   30611   199113   6.20
1910-1919       86      0.10657  0.10122  0.50   29100    2946   27640   168502   5.79
1910-1919       87      0.12077  0.11393  0.50   26155    2980   24673   140862   5.39
1910-1919       88      0.13405  0.12568  0.50   23175    2913   21729   116189   5.01
1910-1919       89      0.15136  0.14076  0.50   20262    2852   18843    94460   4.66
1910-1919       90      0.16742  0.15457  0.50   17410    2691   16074    75617   4.34
1910-1919       91      0.18262  0.16727  0.50   14719    2462   13482    59543   4.05
1910-1919       92      0.20730  0.18793  0.50   12257    2304   11112    46061   3.76
1910-1919       93      0.22394  0.20145  0.50    9954    2005    8954    34949   3.51
1910-1919       94      0.24275  0.21655  0.50    7948    1721    7091    25995   3.27
1910-1919       95      0.26592  0.23492  0.50    6227    1463    5501    18904   3.04
1910-1919       96      0.29800  0.25939  0.50    4764    1236    4147    13403   2.81
1910-1919       97      0.32310  0.27854  0.50    3528     983    3042     9256   2.62
1910-1919       98      0.34411  0.29377  0.50    2546     748    2173     6215   2.44
1910-1919       99      0.38471  0.32264  0.50    1798     580    1508     4041   2.25
1910-1919      100      0.42634  0.35177  0.50    1218     428    1005     2534   2.08
1910-1919      101      0.47491  0.38056  0.48     789     300     633     1529   1.94
1910-1919      102      0.49386  0.39612  0.50     489     194     392      896   1.83
1910-1919      103      0.54528  0.42744  0.49     295     126     231      504   1.71
1910-1919      104      0.55322  0.43423  0.50     169      73     133      273   1.61
1910-1919      105      0.73417  0.53111  0.48      96      51      69      140   1.46
1910-1919      106      0.52857  0.42857  0.56      45      19      36       71   1.58
1910-1919      107      0.71834  0.52941  0.50      26      14      19       34   1.34
1910-1919      108      0.74855  0.53333  0.46      12       6       9       15   1.28
1910-1919      109      0.47309  0.37500  0.45       6       2       4        7   1.21
1910-1919      110+     1.48873  1.00000  0.67       4       4       2        2   0.67
1920-1925        0      0.07651  0.07270  0.31  100000    7270   95014  7048831  70.49
1920-1925        1      0.00949  0.00945  0.49   92730     876   92282  6953818  74.99
1920-1925        2      0.00387  0.00386  0.51   91854     355   91681  6861535  74.70
1920-1925        3      0.00230  0.00230  0.51   91500     211   91396  6769854  73.99
1920-1925        4      0.00193  0.00193  0.52   91289     176   91204  6678458  73.16
1920-1925        5      0.00146  0.00146  0.50   91113     133   91047  6587254  72.30
1920-1925        6      0.00137  0.00137  0.50   90981     125   90918  6496206  71.40
1920-1925        7      0.00115  0.00115  0.53   90856     104   90807  6405288  70.50
1920-1925        8      0.00100  0.00100  0.50   90752      90   90706  6314481  69.58
1920-1925        9      0.00089  0.00089  0.50   90661      81   90620  6223775  68.65
1920-1925       10      0.00076  0.00076  0.50   90580      69   90546  6133155  67.71
1920-1925       11      0.00073  0.00073  0.52   90511      66   90479  6042609  66.76
1920-1925       12      0.00077  0.00077  0.49   90445      69   90410  5952130  65.81
1920-1925       13      0.00077  0.00077  0.50   90375      69   90341  5861720  64.86
1920-1925       14      0.00075  0.00075  0.49   90306      68   90271  5771379  63.91
1920-1925       15      0.00099  0.00099  0.49   90238      89   90192  5681108  62.96
1920-1925       16      0.00107  0.00107  0.50   90149      97   90100  5590916  62.02
1920-1925       17      0.00117  0.00117  0.52   90052     105   90002  5500816  61.08
1920-1925       18      0.00124  0.00124  0.50   89947     111   89891  5410814  60.16
1920-1925       19      0.00144  0.00144  0.50   89836     129   89771  5320924  59.23
1920-1925       20      0.00162  0.00162  0.50   89706     145   89634  5231153  58.31
1920-1925       21      0.00162  0.00162  0.52   89561     145   89491  5141519  57.41
1920-1925       22      0.00155  0.00155  0.51   89416     138   89348  5052028  56.50
1920-1925       23      0.00166  0.00165  0.52   89277     148   89206  4962681  55.59
1920-1925       24      0.00141  0.00141  0.50   89129     126   89066  4873475  54.68
1920-1925       25      0.00129  0.00129  0.49   89004     115   88945  4784409  53.76
1920-1925       26      0.00099  0.00099  0.47   88889      88   88842  4695463  52.82
1920-1925       27      0.00107  0.00107  0.50   88801      95   88753  4606621  51.88
1920-1925       28      0.00102  0.00102  0.49   88706      90   88660  4517867  50.93
1920-1925       29      0.00107  0.00107  0.50   88616      95   88569  4429207  49.98
1920-1925       30      0.00109  0.00109  0.50   88521      96   88474  4340638  49.03
1920-1925       31      0.00090  0.00090  0.49   88425      80   88385  4252165  48.09
1920-1925       32      0.00103  0.00103  0.50   88346      91   88300  4163780  47.13
1920-1925       33      0.00129  0.00129  0.49   88255     113   88197  4075480  46.18
1920-1925       34      0.00118  0.00118  0.52   88141     104   88091  3987283  45.24
1920-1925       35      0.00123  0.00123  0.50   88037     108   87983  3899192  44.29
1920-1925       36      0.00134  0.00134  0.50   87929     118   87870  3811210  43.34
1920-1925       37      0.00144  0.00144  0.50   87811     127   87748  3723339  42.40
1920-1925       38      0.00162  0.00161  0.50   87684     142   87613  3635591  41.46
1920-1925       39      0.00174  0.00174  0.50   87543     152   87468  3547978  40.53
1920-1925       40      0.00188  0.00187  0.52   87391     164   87312  3460511  39.60
1920-1925       41      0.00179  0.00179  0.49   87227     156   87147  3373199  38.67
1920-1925       42      0.00223  0.00223  0.50   87071     194   86974  3286052  37.74
1920-1925       43      0.00234  0.00234  0.51   86877     203   86776  3199077  36.82
1920-1925       44      0.00262  0.00262  0.49   86674     227   86559  3112301  35.91
1920-1925       45      0.00276  0.00275  0.50   86447     238   86328  3025742  35.00
1920-1925       46      0.00301  0.00300  0.50   86209     259   86078  2939414  34.10
1920-1925       47      0.00363  0.00362  0.50   85950     311   85795  2853336  33.20
1920-1925       48      0.00381  0.00381  0.50   85638     326   85477  2767541  32.32
1920-1925       49      0.00432  0.00431  0.50   85312     368   85129  2682064  31.44
1920-1925       50      0.00438  0.00437  0.51   84944     371   84761  2596936  30.57
1920-1925       51      0.00491  0.00489  0.50   84574     414   84367  2512175  29.70
1920-1925       52      0.00477  0.00475  0.50   84160     400   83960  2427808  28.85
1920-1925       53      0.00571  0.00569  0.50   83760     477   83522  2343847  27.98
1920-1925       54      0.00597  0.00595  0.50   83283     496   83033  2260326  27.14
1920-1925       55      0.00646  0.00644  0.50   82787     533   82521  2177293  26.30
1920-1925       56      0.00691  0.00689  0.50   82254     566   81970  2094772  25.47
1920-1925       57      0.00747  0.00744  0.51   81687     608   81386  2012802  24.64
1920-1925       58      0.00852  0.00849  0.50   81079     688   80733  1931416  23.82
1920-1925       59      0.00880  0.00876  0.50   80391     704   80038  1850683  23.02
1920-1925       60      0.00971  0.00966  0.50   79687     770   79302  1770644  22.22
1920-1925       61      0.01093  0.01087  0.50   78917     858   78491  1691342  21.43
1920-1925       62      0.01208  0.01201  0.50   78059     938   77587  1612851  20.66
1920-1925       63      0.01239  0.01231  0.50   77122     949   76649  1535264  19.91
1920-1925       64      0.01358  0.01349  0.50   76172    1028   75661  1458615  19.15
1920-1925       65      0.01548  0.01536  0.50   75145    1155   74571  1382954  18.40
1920-1925       66      0.01632  0.01619  0.50   73990    1198   73393  1308383  17.68
1920-1925       67      0.01772  0.01756  0.50   72792    1278   72152  1234990  16.97
1920-1925       68      0.01978  0.01959  0.50   71514    1401   70817  1162838  16.26
1920-1925       69      0.02147  0.02124  0.51   70113    1489   69377  1092021  15.58
1920-1925       70      0.02364  0.02336  0.50   68624    1603   67825  1022644  14.90
1920-1925       71      0.02612  0.02578  0.50   67021    1728   66162   954819  14.25
1920-1925       72      0.02839  0.02799  0.50   65293    1828   64373   888657  13.61
1920-1925       73      0.03074  0.03027  0.50   63465    1921   62502   824284  12.99
1920-1925       74      0.03273  0.03220  0.50   61543    1982   60549   761782  12.38
1920-1925       75      0.03642  0.03577  0.50   59562    2130   58498   701233  11.77
1920-1925       76      0.04009  0.03931  0.51   57431    2258   56314   642735  11.19
1920-1925       77      0.04237  0.04149  0.50   55174    2289   54037   586421  10.63
1920-1925       78      0.04681  0.04575  0.51   52884    2420   51687   532384  10.07
1920-1925       79      0.04958  0.04839  0.50   50465    2442   49255   480697   9.53
1920-1925       80      0.05518  0.05371  0.50   48023    2579   46745   431442   8.98
1920-1925       81      0.06089  0.05910  0.50   45443    2686   44110   384697   8.47
1920-1925       82      0.06727  0.06509  0.50   42757    2783   41375   340587   7.97
1920-1925       83      0.07346  0.07086  0.50   39974    2833   38560   299212   7.49
1920-1925       84      0.07829  0.07536  0.50   37142    2799   35754   260651   7.02
1920-1925       85      0.09048  0.08658  0.50   34342    2973   32862   224897   6.55
1920-1925       86      0.09793  0.09335  0.50   31369    2928   29905   192035   6.12
1920-1925       87      0.11226  0.10633  0.50   28441    3024   26938   162130   5.70
1920-1925       88      0.12000  0.11326  0.50   25417    2879   23989   135193   5.32
1920-1925       89      0.13261  0.12452  0.51   22538    2806   21163   111204   4.93
1920-1925       90      0.14815  0.13799  0.50   19732    2723   18379    90041   4.56
1920-1925       91      0.16621  0.15358  0.51   17009    2612   15716    71663   4.21
1920-1925       92      0.18636  0.17059  0.50   14397    2456   13179    55946   3.89
1920-1925       93      0.21661  0.19560  0.50   11941    2336   10782    42768   3.58
1920-1925       94      0.23576  0.21096  0.50    9605    2026    8595    31985   3.33
1920-1925       95      0.25749  0.22826  0.50    7579    1730    6718    23390   3.09
1920-1925       96      0.28804  0.25152  0.50    5849    1471    5107    16672   2.85
1920-1925       97      0.31749  0.27442  0.51    4378    1201    3784    11564   2.64
1920-1925       98      0.34144  0.29203  0.50    3176     928    2717     7780   2.45
1920-1925       99      0.38640  0.32400  0.50    2249     729    1886     5064   2.25
1920-1925      100      0.42054  0.34809  0.51    1520     529    1258     3178   2.09
1920-1925      101      0.47491  0.38056  0.48     991     377     794     1920   1.94
1920-1925      102      0.48843  0.39201  0.50     614     241     493     1126   1.83
1920-1925      103      0.55077  0.43089  0.49     373     161     292      633   1.70
1920-1925      104      0.54973  0.43145  0.50     212      92     167      341   1.61
1920-1925      105      0.75104  0.54074  0.48     121      65      87      174   1.44
1920-1925      106      0.52857  0.42857  0.56      55      24      45       87   1.58
1920-1925      107      0.71834  0.52941  0.50      32      17      23       42   1.34
1920-1925      108      0.74855  0.53333  0.46      15       8      11       19   1.28
1920-1925      109      0.47309  0.37500  0.45       7       3       6        8   1.21
1920-1925      110+     1.48873  1.00000  0.67       4       4       3        3   0.67