Year,Age,mx,qx,ax,lx,dx,Lx,Tx,ex,Sex,Country,Prob,logProb,CP,Haz
1835-1839,0,0.18365,0.16310,0.31,100000,16310,88813,4553896,45.54,Female,Denmark,1,0,1,0
1835-1839,5,0.00877,0.00873,0.50,75744,661,75413,4150764,54.80,Female,Denmark,0.75744,-0.27781095265651795,0.75744,0.05556219053130359
1835-1839,10,0.00677,0.00675,0.51,72842,492,72600,3779599,51.89,Female,Denmark,0.72842,-0.3168774740646664,0.9616867342627798,0.007813304281629685
1835-1839,15,0.00514,0.00513,0.51,70821,363,70643,3420776,48.30,Female,Denmark,0.70821,-0.34501461909902564,0.9722550177095631,0.0056274290068718535
1835-1839,20,0.00621,0.00619,0.51,68892,426,68682,3071364,44.58,Female,Denmark,0.68892,-0.3726301250145913,0.9727623162621256,0.005523101183113133
1835-1839,25,0.00745,0.00742,0.51,66627,494,66383,2732467,41.01,Female,Denmark,0.66627,-0.40606028519091064,0.9671224525344017,0.006686032035263867
1835-1839,30,0.00828,0.00825,0.50,64021,528,63758,2405749,37.58,Female,Denmark,0.64021,-0.4459590314496543,0.9608867276029237,0.007979749251748736
1835-1839,35,0.01019,0.01014,0.51,61247,621,60940,2092395,34.16,Female,Denmark,0.61247,-0.4902553173546312,0.9566704675028507,0.008859257180995372
1835-1839,40,0.00970,0.00965,0.50,58217,562,57937,1793842,30.81,Female,Denmark,0.58217,-0.5409927776825635,0.9505281891357944,0.010147492065586461
1835-1839,45,0.00978,0.00973,0.50,55510,540,55242,1509565,27.19,Female,Denmark,0.5551,-0.5886070012860214,0.9535015545287459,0.009522844720691582
1835-1839,50,0.01114,0.01108,0.51,52812,585,52524,1238713,23.46,Female,Denmark,0.52812,-0.6384317483711366,0.9513961448387678,0.009964949417023038
1835-1839,55,0.01467,0.01456,0.50,49560,722,49202,982463,19.82,Female,Denmark,0.4956,-0.7019861292271496,0.9384230856623494,0.012710876171202612
1835-1839,60,0.01944,0.01926,0.51,45768,881,45335,743913,16.25,Female,Denmark,0.45768,-0.7815850290218638,0.9234866828087167,0.015919779958942826
1835-1839,65,0.02994,0.02951,0.51,40796,1204,40203,526896,12.92,Female,Denmark,0.40796,-0.8965861485998197,0.8913651459535046,0.02300022391559118
1835-1839,70,0.04775,0.04665,0.51,34066,1589,33284,338946,9.95,Female,Denmark,0.34066,-1.076870366549706,0.835032846357486,0.03605684358997725
1835-1839,75,0.07642,0.07367,0.51,25578,1884,24658,189273,7.40,Female,Denmark,0.25578,-1.363437578976963,0.7508366112839782,0.05731344248545143
1835-1839,80,0.12219,0.11520,0.50,15855,1826,14948,85654,5.40,Female,Denmark,0.15855,-1.8416852779977808,0.6198686371100164,0.09564953980416355
1835-1839,85,0.21148,0.19142,0.50,7407,1418,6704,28133,3.80,Female,Denmark,0.07407,-2.6027446869569393,0.4671712393566698,0.1522118817918317
1835-1839,90,0.30539,0.26554,0.51,2121,563,1845,5966,2.81,Female,Denmark,0.02121,-3.853282510405546,0.286350749291211,0.25010756468972134
1835-1839,95,0.43744,0.35696,0.48,351,125,286,729,2.08,Female,Denmark,0.00351,-5.652139241504362,0.16548797736916548,0.35977134621976326
1835-1839,100,0.73393,0.52764,0.47,23,12,17,33,1.41,Female,Denmark,2.3e-4,-8.377431249041079,0.06552706552706553,0.5450584015073433
1835-1839,105,0.00000,0.00000,0.50,1,0,1,4,3.67,Female,Denmark,1e-5,-11.512925464970229,0.043478260869565216,0.62709884318583
1840-1849,0,0.19159,0.16934,0.31,100000,16934,88385,4530453,45.30,Female,Denmark,1,0,1,0
1840-1849,5,0.01168,0.01161,0.50,75408,876,74973,4128624,54.75,Female,Denmark,0.75408,-0.28225681580671635,0.75408,0.05645136316134327
1840-1849,10,0.00646,0.00644,0.51,72079,464,71850,3760812,52.18,Female,Denmark,0.72079,-0.32740744625816426,0.9558534903458519,0.00903012609028958
1840-1849,15,0.00562,0.00561,0.51,69988,392,69796,3405835,48.66,Female,Denmark,0.69988,-0.3568463872057181,0.9709901635705268,0.005887788189510768
1840-1849,20,0.00667,0.00665,0.50,67918,452,67694,3060956,45.07,Female,Denmark,0.67918,-0.3868690908260917,0.9704235011716295,0.006004540724074725
1840-1849,25,0.00752,0.00749,0.50,65525,491,65281,2727226,41.62,Female,Denmark,0.65525,-0.42273843677862133,0.9647663358756147,0.007173869190505921
1840-1849,30,0.00849,0.00846,0.50,63002,533,62737,2405820,38.19,Female,Denmark,0.63002,-0.4620037140687072,0.961495612361694,0.007853055458017177
1840-1849,35,0.00880,0.00876,0.50,60313,528,60050,2097522,34.78,Female,Denmark,0.60313,-0.5056225167678093,0.9573188152757055,0.008723760539820425
1840-1849,40,0.00897,0.00893,0.50,57713,515,57457,1802480,31.23,Female,Denmark,0.57713,-0.5496877345581185,0.9568915490856035,0.008813043558061829
1840-1849,45,0.00934,0.00929,0.50,55125,512,54871,1520370,27.58,Female,Denmark,0.55125,-0.5955668522210813,0.9551574168731481,0.009175823532592563
1840-1849,50,0.01069,0.01063,0.50,52531,558,52254,1251169,23.82,Female,Denmark,0.52531,-0.64376671446250755,0.9529433106575964,0.00963997244828525
1840-1849,55,0.01318,0.01309,0.50,49572,649,49251,995736,20.09,Female,Denmark,0.49572,-0.7017440277854636,0.943671355961242,0.011595462664591216
1840-1849,60,0.01805,0.01789,0.50,46025,823,45616,756398,16.43,Female,Denmark,0.46025,-0.7759854588689499,0.9284475106915194,0.01484828621669725
1840-1849,65,0.02825,0.02786,0.51,41292,1150,40724,537433,13.02,Female,Denmark,0.41292,-0.8845014093847477,0.8971645844649647,0.021703190103159575
1840-1849,70,0.04555,0.04455,0.51,34774,1549,34007,346484,9.96,Female,Denmark,0.34774,-1.0563002048824934,0.8421486002131163,0.034359759099549136
1840-1849,75,0.07785,0.07497,0.51,26178,1963,25208,193121,7.38,Female,Denmark,0.26178,-1.3402508226185639,0.7528038189451889,0.05679012354721409
1840-1849,80,0.12877,0.12108,0.51,16230,1965,15260,86794,5.35,Female,Denmark,0.1623,-1.8183088044615916,0.6199862479944992,0.09561159636860554
1840-1849,85,0.20440,0.18566,0.51,7431,1380,6750,28654,3.86,Female,Denmark,0.07431,-2.599509746812759,0.4578558225508318,0.1562401884702335
1840-1849,90,0.31078,0.26929,0.50,2201,593,1907,6178,2.81,Female,Denmark,0.02201,-3.816258383443767,0.2961916296595344,0.24334972732620158
1840-1849,95,0.42778,0.35211,0.50,364,128,300,781,2.14,Female,Denmark,0.00364,-5.615771597333488,0.16537937301226716,0.35990264277794426
1840-1849,100,0.58933,0.45517,0.50,31,14,24,49,1.57,Female,Denmark,3.1e-4,-8.078938260485081,0.08516483516483517,0.49263333263031867
1840-1849,105,.,.,.,0,0,0,0,.,Female,Denmark,0,-Inf,0,Inf
1850-1859,0,0.15629,0.14116,0.31,100000,14116,90318,4668136,46.68,Female,Denmark,1,0,1,0
1850-1859,5,0.01455,0.01444,0.51,77557,1120,77007,4254372,54.85,Female,Denmark,0.77557,-0.25415703609354096,0.77557,0.05083140721870819
1850-1859,10,0.00712,0.00709,0.51,73351,520,73095,3878505,52.88,Female,Denmark,0.73351,-0.30991404822686575,0.9457689183439277,0.011151402426664958
1850-1859,15,0.00598,0.00596,0.50,70975,423,70765,3517872,49.56,Female,Denmark,0.70975,-0.3428424836290565,0.9676078035745934,0.006585687080438152
1850-1859,20,0.00637,0.00635,0.50,68868,437,68651,3168229,46.00,Female,Denmark,0.68868,-0.3729785570738656,0.9703134906657274,0.006027214688961824
1850-1859,25,0.00707,0.00705,0.50,66631,469,66397,2829419,42.46,Female,Denmark,0.66631,-0.4060002512717284,0.967517569843759,0.006604338839572554
1850-1859,30,0.00757,0.00754,0.50,64225,484,63984,2502224,38.96,Female,Denmark,0.64225,-0.4427776429921441,0.9638906815146103,0.007355478344083144
1850-1859,35,0.00774,0.00771,0.50,61809,476,61572,2187142,35.39,Female,Denmark,0.61809,-0.4811212010596596,0.9623822499026858,0.007668711613503099
1850-1859,40,0.00786,0.00783,0.50,59459,465,59228,1883994,31.69,Female,Denmark,0.59459,-0.5198831865884914,0.9619796469769775,0.007752397105766362
1850-1859,45,0.00806,0.00803,0.50,57140,459,56912,1592510,27.87,Female,Denmark,0.5714,-0.5596657891854643,0.9609983349871339,0.007956520519394572
1850-1859,50,0.00942,0.00938,0.50,54768,514,54513,1312635,23.97,Female,Denmark,0.54768,-0.6020641042002619,0.9584879243962198,0.008479663002959525
1850-1859,55,0.01193,0.01186,0.50,51992,617,51686,1045521,20.11,Female,Denmark,0.51992,-0.6540803253960435,0.9493134677183757,0.01040324423915633
1850-1859,60,0.01766,0.01750,0.50,48490,849,48069,793830,16.37,Female,Denmark,0.4849,-0.7238125948708305,0.9326434836128635,0.013946453894957389
1850-1859,65,0.02843,0.02803,0.51,43520,1220,42920,562957,12.94,Female,Denmark,0.4352,-0.8319495834404043,0.8975046401319859,0.021627397713914753
1850-1859,70,0.04637,0.04534,0.51,36585,1659,35773,361861,9.89,Female,Denmark,0.36585,-1.005531865652098,0.8406479779411765,0.03471645644233874
1850-1859,75,0.07955,0.07655,0.51,27253,2086,26223,201196,7.38,Female,Denmark,0.27253,-1.3000065791953703,0.744922782561159,0.058894942708654474
1850-1859,80,0.12559,0.11828,0.51,16757,1982,15782,91268,5.45,Female,Denmark,0.16757,-1.7863541045695044,0.6148680879169266,0.09726950507482682
1850-1859,85,0.19608,0.17885,0.51,7745,1385,7065,31146,4.02,Female,Denmark,0.07745,-2.5581227121192596,0.46219490362236676,0.15435372150995103
1850-1859,90,0.28636,0.25070,0.50,2435,611,2132,7263,2.98,Female,Denmark,0.02435,-3.7152234294535385,0.3143963847643641,0.23142014346685577
1850-1859,95,0.42857,0.35335,0.50,458,162,378,988,2.16,Female,Denmark,0.00458,-5.386056280856043,0.18809034907597535,0.33416657028050095
1850-1859,100,0.71548,0.52294,0.49,43,23,32,60,1.38,Female,Denmark,4.3e-4,-7.751725349276666,0.09388646288209607,0.4731338136841245
1850-1859,105,0.75000,0.50000,0.33,1,0,1,1,1.83,Female,Denmark,1e-5,-11.512925464970229,0.023255813953488372,0.7522400231387125
1860-1869,0,0.13541,0.12390,0.31,100000,12390,91502,4908284,49.08,Female,Denmark,1,0,1,0
1860-1869,5,0.01252,0.01244,0.49,78838,981,78341,4487556,56.92,Female,Denmark,0.78838,-0.2377750718589279,0.78838,0.04755501437178558
1860-1869,10,0.00621,0.00619,0.51,75457,467,75227,4103020,54.38,Female,Denmark,0.75457,-0.2816072284044293,0.9571145894111976,0.008766431309100282
1860-1869,15,0.00562,0.00560,0.51,73289,411,73087,3731287,50.91,Female,Denmark,0.73289,-0.3107596565696704,0.9712684045217806,0.005830485633048221
1860-1869,20,0.00594,0.00592,0.50,71206,422,70996,3370004,47.33,Female,Denmark,0.71206,-0.3395931014577285,0.9715782723191748,0.005766688977611611
1860-1869,25,0.00605,0.00603,0.50,69117,417,68909,3019205,43.68,Female,Denmark,0.69117,-0.3693694652119969,0.9706625846136562,0.00595527275085368
1860-1869,30,0.00625,0.00623,0.50,67045,418,66837,2678805,39.96,Female,Denmark,0.67045,-0.39980615025648597,0.9700218470130358,0.00608733700889782
1860-1869,35,0.00629,0.00627,0.50,64962,408,64760,2348803,36.16,Female,Denmark,0.64962,-0.4313677024312752,0.9689313147885749,0.0063123104349578464
1860-1869,40,0.00667,0.00664,0.50,62928,418,62720,2029066,32.24,Female,Denmark,0.62928,-0.46317897029863775,0.9686893876420061,0.006362253573472509
1860-1869,45,0.00713,0.00711,0.50,60811,432,60596,1719681,28.28,Female,Denmark,0.60811,-0.4973994923275783,0.9663583778286295,0.00684410440578811
1860-1869,50,0.00937,0.00933,0.50,58485,545,58212,1421231,24.30,Female,Denmark,0.58485,-0.5363998748854211,0.9617503412211607,0.007800076511568554
1860-1869,55,0.01211,0.01204,0.50,55576,669,55242,1135846,20.44,Female,Denmark,0.55576,-0.5874187325975115,0.9502607506198171,0.010203771542418093
1860-1869,60,0.01783,0.01768,0.50,51768,915,51310,867036,16.75,Female,Denmark,0.51768,-0.6583979882331263,0.931481214912912,0.01419585112712296
1860-1869,65,0.02799,0.02760,0.50,46517,1284,45880,620580,13.34,Female,Denmark,0.46517,-0.7653523488091829,0.8985666821202287,0.02139087211521131
1860-1869,70,0.04603,0.04500,0.50,39151,1762,38274,405478,10.36,Female,Denmark,0.39151,-0.9377442210933271,0.841649289507062,0.034478374456828845
1860-1869,75,0.07346,0.07088,0.50,29582,2097,28542,232759,7.87,Female,Denmark,0.29582,-1.218004117738913,0.7555873413195066,0.056051979329117166
1860-1869,80,0.11404,0.10800,0.51,19030,2055,18021,111322,5.85,Female,Denmark,0.1903,-1.6591535046800332,0.643296599283348,0.08822987738822405
1860-1869,85,0.17686,0.16263,0.51,9531,1550,8764,40826,4.28,Female,Denmark,0.09531,-2.3506205420326025,0.5008407777193904,0.13829340747051386
1860-1869,90,0.26675,0.23550,0.50,3307,779,2919,10175,3.08,Female,Denmark,0.03307,-3.4091287519884355,0.3469730353583045,0.2117016419911666
1860-1869,95,0.35327,0.29988,0.50,658,197,559,1512,2.30,Female,Denmark,0.00658,-5.023720533644911,0.19897187783489567,0.3229183563312952
1860-1869,100,0.51671,0.41615,0.53,63,26,51,109,1.72,Female,Denmark,6.3e-4,-7.369790738578696,0.09574468085106383,0.46921404098675695
1860-1869,105,0.56250,0.42857,0.44,3,1,2,4,1.52,Female,Denmark,3e-5,-10.41431317630212,0.047619047619047616,0.6089044875446847
1870-1879,0,0.13810,0.12615,0.31,100000,12615,91347,5145404,51.45,Female,Denmark,1,0,1,0
1870-1879,5,0.01019,0.01014,0.50,80464,816,80056,4721770,58.68,Female,Denmark,0.80464,-0.2173603065584824,0.80464,0.04347206131169648
1870-1879,10,0.00595,0.00593,0.51,77348,459,77122,4328061,55.96,Female,Denmark,0.77348,-0.256855465799746,0.9612746072777888,0.007899031848252719
1870-1879,15,0.00555,0.00554,0.51,75169,416,74963,3946839,52.51,Female,Denmark,0.75169,-0.28543127406666186,0.9718286187102446,0.005715161653383172
1870-1879,20,0.00483,0.00481,0.50,73234,353,73059,3575970,48.83,Female,Denmark,0.73234,-0.31151039198435876,0.9742580052947358,0.0052158235835393805
1870-1879,25,0.00485,0.00484,0.50,71503,346,71331,3214151,44.95,Female,Denmark,0.71503,-0.3354307791263853,0.9763634377474943,0.004784077428405309
1870-1879,30,0.00523,0.00521,0.50,69722,363,69541,2861039,41.04,Female,Denmark,0.69722,-0.3606542795744472,0.9750919541837405,0.005044700089612375
1870-1879,35,0.00539,0.00538,0.50,67910,365,67729,2516959,37.06,Female,Denmark,0.6791,-0.3869868868623913,0.9740110725452511,0.005266521457588824
1870-1879,40,0.00628,0.00626,0.50,65977,413,65771,2182090,33.07,Female,Denmark,0.65977,-0.41586398954510606,0.9715358562803711,0.005775420536542952
1870-1879,45,0.00710,0.00708,0.50,63863,452,63635,1857446,29.09,Female,Denmark,0.63863,-0.4484300220410175,0.9679585310032284,0.006513206499182289
1870-1879,50,0.00881,0.00877,0.50,61510,539,61242,1543887,25.10,Female,Denmark,0.6151,-0.4859704227678145,0.9631555047523606,0.007508080145359397
1870-1879,55,0.01167,0.01160,0.51,58595,680,58258,1243308,21.22,Female,Denmark,0.58595,-0.5345208172775258,0.9526093318159649,0.009710078901942254
1870-1879,60,0.01760,0.01744,0.50,54732,955,54258,959526,17.53,Female,Denmark,0.54732,-0.6027216384705276,0.9340728731120402,0.013640164238600372
1870-1879,65,0.02561,0.02529,0.50,49438,1250,48818,698422,14.13,Female,Denmark,0.49438,-0.7044508267313374,0.9032741357889352,0.02034583765216196
1870-1879,70,0.04046,0.03967,0.51,42280,1677,41454,468306,11.08,Female,Denmark,0.4228,-0.8608560249860545,0.855212589506048,0.03128103965094342
1870-1879,75,0.06456,0.06256,0.51,33109,2071,32084,278944,8.42,Female,Denmark,0.33109,-1.1053650372408206,0.783088930936613,0.04890180245095321
1870-1879,80,0.10168,0.09676,0.50,22419,2169,21334,139713,6.23,Female,Denmark,0.22419,-1.4952613723718287,0.6771270651484491,0.07797926702620162
1870-1879,85,0.16298,0.15071,0.50,11962,1803,11061,54294,4.54,Female,Denmark,0.11962,-2.123435227365726,0.5335652794504662,0.12563477099877945
1870-1879,90,0.25460,0.22554,0.49,4396,991,3894,14967,3.40,Female,Denmark,0.04396,-3.1244751494467167,0.3674970740678816,0.20020798441619814
1870-1879,95,0.34429,0.29371,0.50,1066,313,910,2791,2.62,Female,Denmark,0.01066,-4.541256860244439,0.24249317561419473,0.28335634215954447
1870-1879,100,0.46952,0.37885,0.49,158,60,128,312,1.97,Female,Denmark,0.00158,-6.450330431943262,0.14821763602251406,0.38181471433976455
1870-1879,105,0.68421,0.50000,0.46,9,5,7,12,1.32,Female,Denmark,9e-5,-9.315700887634009,0.056962025316455694,0.5730740911381493
1880-1889,0,0.13707,0.12529,0.31,100000,12529,91406,5401257,54.01,Female,Denmark,1,0,1,0
1880-1889,5,0.00998,0.00993,0.50,80994,805,80592,4975932,61.44,Female,Denmark,0.80994,-0.2107951081333464,0.80994,0.04215902162666928
1880-1889,10,0.00459,0.00458,0.50,78131,358,77953,4579157,58.61,Female,Denmark,0.78131,-0.24678328088049487,0.964651702595254,0.007197634549429693
1880-1889,15,0.00371,0.00371,0.50,76563,284,76422,4192610,54.76,Female,Denmark,0.76563,-0.26705625465812466,0.979931141288349,0.0040545947555259585
1880-1889,20,0.00408,0.00407,0.50,75078,305,74926,3813438,50.79,Female,Denmark,0.75078,-0.28664261287711845,0.9806042082990478,0.003917271643798759
1880-1889,25,0.00427,0.00426,0.50,73547,313,73390,3441853,46.80,Female,Denmark,0.73547,-0.3072455283517194,0.9796078744772103,0.004120583094920194
1880-1889,30,0.00547,0.00545,0.50,71898,392,71702,3078091,42.81,Female,Denmark,0.71898,-0.32992173805965685,0.9775789631120236,0.0045352419415874866
1880-1889,35,0.00527,0.00526,0.49,69966,368,69780,2723442,38.93,Female,Denmark,0.69966,-0.3571607762218406,0.9731285988483686,0.005447807632436752
1880-1889,40,0.00487,0.00486,0.50,68165,331,67999,2378161,34.89,Female,Denmark,0.68165,-0.3832389493499984,0.9742589257639425,0.00521563462563156
1880-1889,45,0.00578,0.00576,0.51,66415,383,66226,2041622,30.74,Female,Denmark,0.66415,-0.4092472514036247,0.9743270006601629,0.005201660410725261
1880-1889,50,0.00774,0.00771,0.50,64280,496,64033,1714646,26.67,Female,Denmark,0.6428,-0.44192164511877946,0.9678536475193856,0.006534878743030948
1880-1889,55,0.00975,0.00970,0.50,61598,598,61300,1399692,22.72,Female,Denmark,0.61598,-0.4845407835081666,0.9582762912258868,0.008523827677877427
1880-1889,60,0.01412,0.01402,0.51,58129,815,57726,1099929,18.92,Female,Denmark,0.58129,-0.5425055072440651,0.9436832364687165,0.011592944747179701
1880-1889,65,0.02088,0.02066,0.50,53432,1104,52881,820419,15.35,Female,Denmark,0.53432,-0.6267603685647565,0.9191969584888782,0.016850972264138276
1880-1889,70,0.03348,0.03293,0.50,47171,1554,46398,568046,12.04,Female,Denmark,0.47171,-0.7513908890014357,0.8828230273993113,0.024926104087335844
1880-1889,75,0.05555,0.05405,0.50,38433,2077,37394,352961,9.18,Female,Denmark,0.38433,-0.956253720445685,0.8147590680714846,0.04097256628884986
1880-1889,80,0.09322,0.08910,0.50,27191,2423,25989,188224,6.92,Female,Denmark,0.27191,-1.302284149792725,0.7074909582910519,0.06920608586940802
1880-1889,85,0.13404,0.12560,0.50,15753,1979,14761,81546,5.18,Female,Denmark,0.15753,-1.8481393626642595,0.5793461071678129,0.10917104257430688
1880-1889,90,0.21348,0.19281,0.50,6954,1341,6281,26113,3.76,Female,Denmark,0.06954,-2.6658531524024216,0.4414397257665207,0.16354275794763243
1880-1889,95,0.32357,0.27827,0.50,2002,557,1722,5433,2.71,Female,Denmark,0.02002,-3.9110235050950624,0.2878918607995398,0.24903407053852816
1880-1889,100,0.47821,0.38650,0.50,316,122,255,620,1.96,Female,Denmark,0.00316,-5.757183251383316,0.15784215784215785,0.3692319492576508
1880-1889,105,0.88732,0.60000,0.46,22,13,15,29,1.34,Female,Denmark,2.2e-4,-8.421883011611913,0.06962025316455696,0.5329399520457192
1890-1899,0,0.13377,0.12253,0.31,100000,12253,91596,5886631,58.87,Female,Denmark,1,0,1,0
1890-1899,5,0.00453,0.00452,0.50,83094,376,82905,5456396,65.67,Female,Denmark,0.83094,-0.1851976888994557,0.83094,0.03703953777989114
1890-1899,10,0.00242,0.00242,0.50,81695,198,81596,5044833,61.75,Female,Denmark,0.81695,-0.2021773855053046,0.983163645991287,0.0033959393211697776
1890-1899,15,0.00271,0.00271,0.50,80731,219,80622,4638753,57.46,Female,Denmark,0.80731,-0.21404754568897644,0.9882000122406512,0.0023740320367343693
1890-1899,20,0.00417,0.00416,0.50,79437,331,79271,4238091,53.35,Female,Denmark,0.79437,-0.2302059313147184,0.9839714607771488,0.0032316771251483913
1890-1899,25,0.00479,0.00477,0.50,77733,371,77546,3845154,49.47,Female,Denmark,0.77733,-0.2518903083537235,0.9785490388609842,0.004336875407801022
1890-1899,30,0.00361,0.00361,0.49,76076,274,75936,3460850,45.49,Female,Denmark,0.76076,-0.27343734536867675,0.9786834420387738,0.004309407402990651
1890-1899,35,0.00386,0.00385,0.51,74756,288,74614,3083778,41.25,Female,Denmark,0.74756,-0.29094070938003525,0.9826489300173511,0.003500672802271698
1890-1899,40,0.00402,0.00402,0.50,73277,294,73130,2713632,37.03,Female,Denmark,0.73277,-0.3109234053248635,0.9802156348654288,0.003996539188965653
1890-1899,45,0.00502,0.00501,0.51,71753,359,71575,2350988,32.77,Female,Denmark,0.71753,-0.3319405203757619,0.9792022053304584,0.004203423010179674
1890-1899,50,0.00608,0.00606,0.51,69853,423,69644,1996832,28.59,Female,Denmark,0.69853,-0.3587771520306026,0.9735202709294385,0.005367326330968147
1890-1899,55,0.00809,0.00806,0.51,67526,544,67258,1653186,24.48,Female,Denmark,0.67526,-0.39265747708919135,0.9666871859476329,0.006776065011717747
1890-1899,60,0.01150,0.01144,0.50,64574,739,64207,1322619,20.48,Female,Denmark,0.64574,-0.4373583329952389,0.9562835056126529,0.008940171181209511
1890-1899,65,0.01736,0.01721,0.50,60446,1040,59922,1009586,16.70,Female,Denmark,0.60446,-0.5034197815053975,0.9360733422120358,0.013212289702031709
1890-1899,70,0.02866,0.02825,0.50,54293,1534,53528,721776,13.29,Female,Denmark,0.54293,-0.6107748808020843,0.8982066637990934,0.02147101985933737
1890-1899,75,0.04425,0.04329,0.50,45575,1973,44593,471138,10.34,Female,Denmark,0.45575,-0.7858108654233646,0.8394268137697309,0.035007196924256065
1890-1899,80,0.07055,0.06816,0.50,34739,2368,33559,269494,7.76,Female,Denmark,0.34739,-1.0573072108513821,0.7622380691168403,0.054299269085603494
1890-1899,85,0.11650,0.11014,0.50,22510,2479,21281,126071,5.60,Female,Denmark,0.2251,-1.4912105310694506,0.6479748985290308,0.08678066404361369
1890-1899,90,0.19112,0.17442,0.50,11030,1924,10066,43208,3.92,Female,Denmark,0.1103,-2.2045513527226803,0.49000444247001335,0.14266816433064594
1890-1899,95,0.30160,0.26191,0.50,3372,883,2929,9230,2.74,Female,Denmark,0.03372,-3.3896641458484824,0.3057116953762466,0.23702255862516042
1890-1899,100,0.48903,0.38930,0.48,533,207,424,1021,1.92,Female,Denmark,0.00533,-5.234404040804384,0.15806642941874258,0.36894797899118037
1890-1899,105,0.65125,0.49593,0.52,35,17,27,49,1.40,Female,Denmark,3.5e-4,-7.957577403480815,0.06566604127579738,0.5446346725352861
1900-1909,0,0.11066,0.10285,0.31,100000,10285,92945,6429894,64.30,Female,Denmark,1,0,1,0
1900-1909,5,0.00261,0.00260,0.50,86913,226,86800,5985733,68.87,Female,Denmark,0.86913,-0.14026256766709122,0.86913,0.028052513533418245
1900-1909,10,0.00183,0.00183,0.51,85960,157,85882,5553701,64.61,Female,Denmark,0.8596,-0.15128811421378163,0.9890350120235177,0.0022051093093380823
1900-1909,15,0.00235,0.00235,0.50,85119,200,85020,5125895,60.22,Female,Denmark,0.85119,-0.16111990858406758,0.9902163797114937,0.001966358874057189
1900-1909,20,0.00284,0.00283,0.50,83927,238,83808,4703139,56.04,Female,Denmark,0.83927,-0.17522281260463113,0.9859960760817209,0.00282058080411271
1900-1909,25,0.00292,0.00291,0.51,82735,241,82616,4286478,51.81,Female,Denmark,0.82735,-0.18952745704428378,0.9857971808833867,0.0028609288879305307
1900-1909,30,0.00282,0.00282,0.50,81567,230,81452,3875731,47.52,Female,Denmark,0.81567,-0.20374541757922734,0.985882637336073,0.002843592106988713
1900-1909,35,0.00289,0.00288,0.51,80461,232,80347,3470666,43.13,Female,Denmark,0.80461,-0.2173975910077643,0.9864405948484068,0.002730434685707389
1900-1909,40,0.00304,0.00304,0.49,79296,241,79172,3071264,38.73,Female,Denmark,0.79296,-0.23198249998141413,0.9855209356085557,0.002916981794729967
1900-1909,45,0.00365,0.00365,0.49,78074,285,77929,2677798,34.30,Female,Denmark,0.78074,-0.247513091098221,0.9845893866020985,0.003106118223361376
1900-1909,50,0.00467,0.00466,0.50,76535,357,76357,2291150,29.94,Female,Denmark,0.76535,-0.2674220334444209,0.9802879319619848,0.003981788469239978
1900-1909,55,0.00666,0.00664,0.50,74545,495,74300,1913209,25.67,Female,Denmark,0.74545,-0.293767216107729,0.9739988240674201,0.005269036532661619
1900-1909,60,0.00972,0.00967,0.50,71751,694,71407,1547090,21.56,Female,Denmark,0.71751,-0.33196839416325397,0.9625192836541686,0.007640235611104995
1900-1909,65,0.01562,0.01550,0.50,67580,1048,67057,1198083,17.73,Female,Denmark,0.6758,-0.39185810470194754,0.9418684060152471,0.011977942107738716
1900-1909,70,0.02401,0.02373,0.50,61700,1464,60970,874096,14.17,Female,Denmark,0.617,-0.48288625507674926,0.9129920094702575,0.018205630074960344
1900-1909,75,0.03742,0.03674,0.50,53445,1964,52467,585280,10.95,Female,Denmark,0.53445,-0.6265170982621824,0.8662074554294976,0.028726168637086623
1900-1909,80,0.06342,0.06149,0.50,42349,2604,41059,344516,8.14,Female,Denmark,0.42349,-0.8592253779196989,0.7923846945457947,0.0465416559315033
1900-1909,85,0.10839,0.10283,0.50,28584,2939,27119,166315,5.82,Female,Denmark,0.28584,-1.2523230652669828,0.6749628090391745,0.07861953746945678
1900-1909,90,0.18139,0.16631,0.50,14561,2422,13351,59239,4.07,Female,Denmark,0.14561,-1.926823464259324,0.5094108592219423,0.13490007979846824
1900-1909,95,0.29491,0.25708,0.50,4699,1208,4097,13416,2.85,Female,Denmark,0.04699,-3.0578204658674126,0.322711352242291,0.22619940032161773
1900-1909,100,0.43706,0.35752,0.49,805,288,659,1651,2.05,Female,Denmark,0.00805,-4.822083187551665,0.17131304532879335,0.3528525443368505
1900-1909,105,0.69629,0.51724,0.50,61,32,46,90,1.46,Female,Denmark,6.1e-4,-7.402051600796917,0.07577639751552795,0.5159936826490504
1910-1919,0,0.08822,0.08319,0.31,100000,8319,94294,6817925,68.18,Female,Denmark,1,0,1,0
1910-1919,5,0.00224,0.00224,0.49,89349,200,89248,6363179,71.22,Female,Denmark,0.89349,-0.11262013638708647,0.89349,0.022524027277417293
1910-1919,10,0.00101,0.00101,0.50,88551,90,88506,5918646,66.84,Female,Denmark,0.88551,-0.12159152876824354,0.991068730483833,0.0017942784762314146
1910-1919,15,0.00141,0.00141,0.51,88090,124,88029,5477023,62.18,Female,Denmark,0.8809,-0.12681116686638705,0.9947939605425122,0.0010439276196287013
1910-1919,20,0.00205,0.00204,0.49,87332,178,87241,5038346,57.69,Female,Denmark,0.87332,-0.13545323818722124,0.9913951640367805,0.0017284142641668387
1910-1919,25,0.00207,0.00207,0.50,86496,179,86407,4603807,53.23,Female,Denmark,0.86496,-0.14507201589405433,0.9904273347684698,0.0019237555413666174
1910-1919,30,0.00191,0.00191,0.51,85653,163,85573,4173456,48.72,Female,Denmark,0.85653,-0.1548659355616656,0.990253884572697,0.001958783933522257
1910-1919,35,0.00199,0.00199,0.49,84865,169,84780,3747201,44.15,Female,Denmark,0.84865,-0.16410842737459663,0.9908000887301087,0.001848498362586204
1910-1919,40,0.00199,0.00199,0.51,84101,167,84019,3324801,39.53,Female,Denmark,0.84101,-0.17315172847346072,0.9909974665645437,0.0018086602197728175
1910-1919,45,0.00280,0.00280,0.50,83159,233,83043,2906528,34.95,Female,Denmark,0.83159,-0.1844157480826052,0.9887991819360055,0.0022528039218288943
1910-1919,50,0.00427,0.00426,0.50,81822,348,81647,2493884,30.48,Female,Denmark,0.81822,-0.20062402988433958,0.9839223655888117,0.0032416563603468785
1910-1919,55,0.00633,0.00631,0.49,79810,504,79555,2089538,26.18,Female,Denmark,0.7981,-0.2255213761001738,0.9754100364205226,0.004979469243166845
1910-1919,60,0.00954,0.00949,0.50,76877,730,76516,1697417,22.08,Female,Denmark,0.76877,-0.2629634439396639,0.963250219270768,0.007488413567898022
1910-1919,65,0.01403,0.01393,0.51,72666,1012,72166,1322897,18.21,Female,Denmark,0.72666,-0.31929658622112295,0.9452241892893843,0.011266628456291805
1910-1919,70,0.02257,0.02232,0.50,66768,1490,66029,973445,14.58,Female,Denmark,0.66768,-0.4039462621388945,0.9188341177441995,0.01692993518355431
1910-1919,75,0.03636,0.03571,0.51,58219,2079,57192,659845,11.33,Female,Denmark,0.58219,-0.5409584240462276,0.8719596213755092,0.027402432381466623
1910-1919,80,0.05968,0.05796,0.50,46546,2698,45208,396648,8.52,Female,Denmark,0.46546,-0.7647291150656181,0.7994984455246569,0.0447541382038781
1910-1919,85,0.09817,0.09360,0.50,32106,3005,30611,199113,6.20,Female,Denmark,0.32106,-1.1361272574308687,0.6897692605164784,0.07427962847305011
1910-1919,90,0.16742,0.15457,0.50,17410,2691,16074,75617,4.34,Female,Denmark,0.1741,-1.7481254322079938,0.5422662430698312,0.12239963495542501
1910-1919,95,0.26592,0.23492,0.50,6227,1463,5501,18904,3.04,Female,Denmark,0.06227,-2.7762755100977765,0.3576680068925905,0.20563001557795654
1910-1919,100,0.42634,0.35177,0.50,1218,428,1005,2534,2.08,Female,Denmark,0.01218,-4.407960016700386,0.19559980729083026,0.3263369013205219
1910-1919,105,0.73417,0.53111,0.48,96,51,69,140,1.46,Female,Denmark,9.6e-4,-6.9485772735023925,0.07881773399014778,0.5081234513604013
1920-1925,0,0.07651,0.07270,0.31,100000,7270,95014,7048831,70.49,Female,Denmark,1,0,1,0
1920-1925,5,0.00146,0.00146,0.50,91113,133,91047,6587254,72.30,Female,Denmark,0.91113,-0.09306969157359377,0.91113,0.018613938314718755
1920-1925,10,0.00076,0.00076,0.50,90580,69,90546,6133155,67.71,Female,Denmark,0.9058,-0.0989367478600235,0.9941501212779735,0.0011734112572859474
1920-1925,15,0.00099,0.00099,0.49,90238,89,90192,5681108,62.96,Female,Denmark,0.90238,-0.1027195616045156,0.9962243320821373,7.565627488984206e-4
1920-1925,20,0.00162,0.00162,0.50,89706,145,89634,5231153,58.31,Female,Denmark,0.89706,-0.10863252952824563,0.9941044792659411,0.0011825935847460055
1920-1925,25,0.00129,0.00129,0.49,89004,115,88945,4784409,53.76,Female,Denmark,0.89004,-0.11648887344566998,0.9921744364925423,0.0015712687834848692
1920-1925,30,0.00109,0.00109,0.50,88521,96,88474,4340638,49.03,Female,Denmark,0.88521,-0.12193037398699114,0.9945732776055008,0.0010883001082642313
1920-1925,35,0.00123,0.00123,0.50,88037,108,87983,3899192,44.29,Female,Denmark,0.88037,-0.12741300533067432,0.9945323708498548,0.0010965262687366363
1920-1925,40,0.00188,0.00187,0.52,87391,164,87312,3460511,39.60,Female,Denmark,0.87391,-0.13477788345724856,0.9926621761304906,0.0014729756253148486
1920-1925,45,0.00276,0.00275,0.50,86447,238,86328,3025742,35.00,Female,Denmark,0.86447,-0.1456386766008904,0.989197972331247,0.002172158628728366
1920-1925,50,0.00438,0.00437,0.51,84944,371,84761,2596936,30.57,Female,Denmark,0.84944,-0.16317797014677574,0.9826136245329509,0.0035078587091770695
1920-1925,55,0.00646,0.00644,0.50,82787,533,82521,2177293,26.30,Female,Denmark,0.82787,-0.18889914175434394,0.9746067997739687,0.005144234321513641
1920-1925,60,0.00971,0.00966,0.50,79687,770,79302,1770644,22.22,Female,Denmark,0.79687,-0.22706372516483486,0.9625545073501879,0.007632916682098184
1920-1925,65,0.01548,0.01536,0.50,75145,1155,74571,1382954,18.40,Female,Denmark,0.75145,-0.2857506056020338,0.9430019953066372,0.011737376087439789
1920-1925,70,0.02364,0.02336,0.50,68624,1603,67825,1022644,14.90,Female,Denmark,0.68624,-0.37652785821356677,0.9132211058620001,0.018155450522306594
1920-1925,75,0.03642,0.03577,0.50,59562,2130,58498,701233,11.77,Female,Denmark,0.59562,-0.5181523991524515,0.8679470739100024,0.028324908187776943
1920-1925,80,0.05518,0.05371,0.50,48023,2579,46745,431442,8.98,Female,Denmark,0.48023,-0.7334901231772218,0.8062690977468856,0.043067544804954075
1920-1925,85,0.09048,0.08658,0.50,34342,2973,32862,224897,6.55,Female,Denmark,0.34342,-1.0688010910964805,0.7151156737396664,0.06706219358385172
1920-1925,90,0.14815,0.13799,0.50,19732,2723,18379,90041,4.56,Female,Denmark,0.19732,-1.6229285026165996,0.5745734086541261,0.11082548230402382
1920-1925,95,0.25749,0.22826,0.50,7579,1730,6718,23390,3.09,Female,Denmark,0.07579,-2.5797889211581992,0.38409689843908373,0.19137208370831993
1920-1925,100,0.42054,0.34809,0.51,1520,529,1258,3178,2.09,Female,Denmark,0.0152,-4.186459851129906,0.20055416281831376,0.3213341859943414
1920-1925,105,0.75104,0.54074,0.48,121,65,87,174,1.44,Female,Denmark,0.00121,-6.717134919373487,0.07960526315789473,0.5061350136487162
