Year,Age,mx,qx,ax,lx,dx,Lx,Tx,ex,Sex,Country,Prob,logProb,CP,Haz
1835-1839,0,0.20532,0.17970,0.31,100000,17970,87524,4420951,44.21,both,Denmark,1,0,1,0
1835-1839,5,0.00815,0.00812,0.50,74155,602,73853,4025835,54.29,both,Denmark,0.74155,-0.2990126887941655,0.74155,0.059802537758833096
1835-1839,10,0.00653,0.00651,0.51,71417,465,71188,3662128,51.28,both,Denmark,0.71417,-0.3366342497446303,0.963077338008226,0.007524312190092963
1835-1839,15,0.00482,0.00481,0.51,69525,334,69361,3310118,47.61,both,Denmark,0.69525,-0.3634837858680628,0.9735077082487363,0.005369907224686499
1835-1839,20,0.00655,0.00653,0.50,67684,442,67463,2966891,43.83,both,Denmark,0.67684,-0.39032037078171117,0.9735203164329378,0.005367316982729675
1835-1839,25,0.00796,0.00793,0.50,65364,518,65107,2634191,40.30,both,Denmark,0.65364,-0.42519853779855366,0.965723066012647,0.006975633403368498
1835-1839,30,0.00767,0.00764,0.50,62799,480,62558,2313847,36.85,both,Denmark,0.62799,-0.4652310362075986,0.9607582155314852,0.008006499681808988
1835-1839,35,0.00942,0.00937,0.51,60302,565,60022,2005963,33.27,both,Denmark,0.60302,-0.5058049153091267,0.9602382203538273,0.00811477582030563
1835-1839,40,0.00974,0.00970,0.50,57481,557,57203,1711534,29.78,both,Denmark,0.57481,-0.5537157275729974,0.9532187987131439,0.009582162452774124
1835-1839,45,0.01070,0.01064,0.50,54686,582,54397,1431069,26.17,both,Denmark,0.54686,-0.6035624508178569,0.9513752370348463,0.0099693446489719
1835-1839,50,0.01292,0.01283,0.51,51680,663,51353,1165020,22.54,both,Denmark,0.5168,-0.6600993265137449,0.9450316351534214,0.011307375139177612
1835-1839,55,0.01727,0.01713,0.50,48027,822,47619,915400,19.06,both,Denmark,0.48027,-0.7334068332240243,0.9293150154798762,0.014661501342055882
1835-1839,60,0.02265,0.02240,0.51,43751,980,43268,685752,15.67,both,Denmark,0.43751,-0.8266557163028313,0.9109667478709892,0.018649776615761393
1835-1839,65,0.03342,0.03288,0.51,38362,1261,37739,479967,12.51,both,Denmark,0.38362,-0.958102799688595,0.8768256725560558,0.026289416677152743
1835-1839,70,0.05119,0.04993,0.51,31451,1570,30676,304793,9.69,both,Denmark,0.31451,-1.1567394068447552,0.8198477660184558,0.03972732143123203
1835-1839,75,0.08054,0.07748,0.51,23194,1797,22313,167774,7.23,both,Denmark,0.23194,-1.4612765614535799,0.7374646275158182,0.06090743092176494
1835-1839,80,0.12785,0.12022,0.50,14095,1694,13254,74618,5.29,both,Denmark,0.14095,-1.9593500614220156,0.6077002673105113,0.09961469999368715
1835-1839,85,0.21337,0.19284,0.50,6427,1239,5809,24041,3.74,both,Denmark,0.06427,-2.7446623195989424,0.45597729691379923,0.15706245163538535
1835-1839,90,0.30843,0.26735,0.50,1795,480,1555,4932,2.75,both,Denmark,0.01795,-4.0201651640478495,0.27929049323167887,0.25510056888978144
1835-1839,95,0.44169,0.36096,0.49,281,101,229,576,2.05,both,Denmark,0.00281,-5.874570795636482,0.1565459610027855,0.3708811263177266
1835-1839,100,0.72578,0.52613,0.48,21,11,15,27,1.32,both,Denmark,2.1e-4,-8.468403027246806,0.07473309608540925,0.5187664463220647
1835-1839,105,0.00000,0.00000,0.50,0,0,0,2,3.67,both,Denmark,0,-Inf,0,Inf
1840-1849,0,0.21460,0.18678,0.31,100000,18678,87033,4408979,44.09,both,Denmark,1,0,1,0
1840-1849,5,0.01126,0.01120,0.50,73712,825,73301,4015568,54.48,both,Denmark,0.73712,-0.3050045777945302,0.73712,0.06100091555890604
1840-1849,10,0.00625,0.00623,0.51,70518,440,70301,3655814,51.84,both,Denmark,0.70518,-0.34930218960931925,0.9566691990449316,0.008859522362957806
1840-1849,15,0.00517,0.00516,0.51,68590,354,68417,3308268,48.23,both,Denmark,0.6859,-0.37702343447686143,0.9726594628321847,0.005544248973508437
1840-1849,20,0.00681,0.00679,0.50,66659,453,66434,2969961,44.55,both,Denmark,0.66659,-0.40558011472117134,0.9718472080478204,0.005711336048861981
1840-1849,25,0.00732,0.00730,0.50,64223,469,63988,2642642,41.15,both,Denmark,0.64223,-0.442808783998624,0.963455797416703,0.007445733855490533
1840-1849,30,0.00756,0.00753,0.50,61928,466,61695,2327290,37.58,both,Denmark,0.61928,-0.479197766085679,0.9642651386574903,0.007277796417410998
1840-1849,35,0.00817,0.00814,0.50,59535,485,59293,2023581,33.99,both,Denmark,0.59535,-0.5186058110849529,0.9613583516341558,0.007881608999854772
1840-1849,40,0.00893,0.00889,0.50,57079,507,56826,1731995,30.34,both,Denmark,0.57079,-0.5607339128041182,0.9587469555723523,0.008425620343833073
1840-1849,45,0.01002,0.00997,0.50,54471,543,54201,1453039,26.68,both,Denmark,0.54471,-0.6075017360314517,0.954308940240719,0.009353564645466706
1840-1849,50,0.01225,0.01218,0.50,51625,629,51313,1187642,23.01,both,Denmark,0.51625,-0.6611641347068946,0.9477520148335812,0.010732479735088573
1840-1849,55,0.01557,0.01545,0.50,48260,746,47891,937698,19.43,both,Denmark,0.4826,-0.7285671257912057,0.934818401937046,0.013480598216862228
1840-1849,60,0.02106,0.02084,0.50,44180,921,43723,706214,15.98,both,Denmark,0.4418,-0.8168979879961202,0.9154579361790303,0.017666172440982897
1840-1849,65,0.03126,0.03079,0.50,39044,1202,38449,497564,12.74,both,Denmark,0.39044,-0.9404809706753727,0.8837483023992757,0.0247165965358505
1840-1849,70,0.04762,0.04652,0.50,32413,1508,31666,318291,9.82,both,Denmark,0.32413,-1.1266106090949708,0.8301659666017827,0.037225927683919614
1840-1849,75,0.07929,0.07630,0.51,24185,1845,23273,176048,7.28,both,Denmark,0.24185,-1.4194375797131449,0.7461512356153395,0.05856539412363482
1840-1849,80,0.13159,0.12355,0.51,14890,1840,13980,78125,5.25,both,Denmark,0.1489,-1.9044803392921736,0.6156708703741989,0.09700855191580575
1840-1849,85,0.20832,0.18888,0.51,6679,1261,6056,25219,3.78,both,Denmark,0.06679,-2.7062019102445922,0.448556077904634,0.16034431419048373
1840-1849,90,0.31762,0.27408,0.50,1923,527,1660,5247,2.73,both,Denmark,0.01923,-3.9512837193814487,0.28791735289714027,0.2490163618273713
1840-1849,95,0.43507,0.35631,0.49,298,106,244,612,2.05,both,Denmark,0.00298,-5.815831978464824,0.15496619864794592,0.37290965181667507
1840-1849,100,0.72729,0.52847,0.48,23,12,17,32,1.37,both,Denmark,2.3e-4,-8.377431249041079,0.07718120805369127,0.5123198541152509
1840-1849,105,.,.,.,0,0,0,0,.,both,Denmark,0,-Inf,0,Inf
1850-1859,0,0.17451,0.15565,0.31,100000,15565,89194,4570564,45.71,both,Denmark,1,0,1,0
1850-1859,5,0.01399,0.01390,0.51,76199,1059,75678,4163688,54.64,both,Denmark,0.76199,-0.2718218467411829,0.76199,0.05436436934823659
1850-1859,10,0.00692,0.00690,0.50,72162,498,71915,3794083,52.58,both,Denmark,0.72162,-0.32625659443155675,0.9470203021037021,0.010886949538074763
1850-1859,15,0.00534,0.00532,0.50,69995,373,69810,3438960,49.13,both,Denmark,0.69995,-0.3567463750613029,0.9699703445026469,0.0060979561259492335
1850-1859,20,0.00651,0.00649,0.50,68053,442,67833,3093710,45.46,both,Denmark,0.68053,-0.3848833726308941,0.9722551610829345,0.005627399513918241
1850-1859,25,0.00692,0.00689,0.50,65747,453,65519,2759147,41.97,both,Denmark,0.65747,-0.4193561433476037,0.966114645937725,0.006894554143341914
1850-1859,30,0.00690,0.00688,0.50,63541,437,63323,2435967,38.34,both,Denmark,0.63541,-0.453484819152843,0.9664471382724688,0.006825735161047864
1850-1859,35,0.00759,0.00756,0.50,61293,464,61062,2123821,34.65,both,Denmark,0.61293,-0.48950454206230687,0.9646212681575675,0.007203944581892774
1850-1859,40,0.00811,0.00807,0.50,58952,476,58716,1823186,30.93,both,Denmark,0.58952,-0.5284466325233931,0.961806405299137,0.007788418092217242
1850-1859,45,0.00912,0.00908,0.50,56494,513,56240,1534493,27.16,both,Denmark,0.56494,-0.5710357481650169,0.9583050617451486,0.008517823128324765
1850-1859,50,0.01092,0.01086,0.50,53798,584,53508,1258611,23.40,both,Denmark,0.53798,-0.6199338942325393,0.9522781180302333,0.009779629213504481
1850-1859,55,0.01414,0.01404,0.50,50648,711,50295,997247,19.69,both,Denmark,0.50648,-0.6802704427462659,0.9414476374586416,0.012067309702745322
1850-1859,60,0.01967,0.01948,0.50,46692,910,46240,753462,16.14,both,Denmark,0.46692,-0.7615973421976745,0.9218922761017216,0.016265379890281716
1850-1859,65,0.02997,0.02953,0.51,41541,1227,40936,532185,12.81,both,Denmark,0.41541,-0.8784892946474048,0.8896813158571062,0.023378390489946055
1850-1859,70,0.04679,0.04573,0.51,34732,1588,33948,340753,9.81,both,Denmark,0.34732,-1.0575087337896927,0.8360896463734624,0.03580388782845758
1850-1859,75,0.08033,0.07725,0.50,25826,1995,24837,188389,7.29,both,Denmark,0.25826,-1.3537884495636316,0.7435794080386963,0.05925594315478779
1850-1859,80,0.12900,0.12127,0.51,15786,1914,14841,84445,5.35,both,Denmark,0.15786,-1.8460467147018806,0.6112444823046542,0.0984516530276498
1850-1859,85,0.19970,0.18181,0.51,7165,1303,6523,28209,3.94,both,Denmark,0.07165,-2.635962124707956,0.45388318763461294,0.15798308200121508
1850-1859,90,0.29067,0.25422,0.51,2176,553,1903,6354,2.92,both,Denmark,0.02176,-3.827681856994395,0.30369853454291695,0.2383439464572878
1850-1859,95,0.43546,0.35858,0.51,389,140,321,843,2.16,both,Denmark,0.00389,-5.549346121351782,0.17876838235294118,0.34433285287147736
1850-1859,100,0.73902,0.54011,0.50,39,21,28,51,1.33,both,Denmark,3.9e-4,-7.849363818840582,0.10025706940874037,0.46000353949776007
1850-1859,105,0.66667,0.50000,0.50,1,0,1,1,1.42,both,Denmark,1e-5,-11.512925464970229,0.02564102564102564,0.7327123292259292
1860-1869,0,0.14912,0.13513,0.31,100000,13513,90619,4821968,48.22,both,Denmark,1,0,1,0
1860-1869,5,0.01231,0.01223,0.49,77750,951,77268,4406753,56.68,both,Denmark,0.7775,-0.2516716349287479,0.7775,0.05033432698574958
1860-1869,10,0.00579,0.00577,0.51,74463,430,74252,4027412,54.09,both,Denmark,0.74463,-0.29486782826650615,0.9577234726688103,0.008639238667551652
1860-1869,15,0.00501,0.00500,0.51,72527,363,72348,3660106,50.47,both,Denmark,0.72527,-0.3212112796631634,0.9740005103205619,0.005268690279331445
1860-1869,20,0.00625,0.00623,0.50,70597,440,70378,3302141,46.77,both,Denmark,0.70597,-0.34818253530959165,0.973389220566134,0.005394251129285654
1860-1869,25,0.00620,0.00618,0.50,68373,423,68161,2954726,43.21,both,Denmark,0.68373,-0.38019217613078754,0.9684972449254218,0.006401928164239179
1860-1869,30,0.00602,0.00600,0.50,66363,398,66164,2617968,39.45,both,Denmark,0.66363,-0.41003051373109606,0.9706024307840815,0.005967667520061703
1860-1869,35,0.00635,0.00633,0.50,64335,407,64133,2291198,35.61,both,Denmark,0.64335,-0.4410663793511379,0.9694408028570137,0.006207173124008369
1860-1869,40,0.00703,0.00701,0.50,62268,437,62051,1974644,31.71,both,Denmark,0.62268,-0.4737225358144885,0.9678712986710188,0.006531231292670114
1860-1869,45,0.00798,0.00795,0.50,60017,477,59780,1668856,27.81,both,Denmark,0.60017,-0.5105423305639661,0.9638498104965633,0.007363958949895532
1860-1869,50,0.01012,0.01007,0.50,57454,579,57165,1374979,23.93,both,Denmark,0.57454,-0.5541855583555556,0.9572954329606611,0.008728645558317894
1860-1869,55,0.01292,0.01283,0.50,54370,698,54021,1095207,20.14,both,Denmark,0.5437,-0.6093576548302622,0.9463222752114735,0.011034419294941311
1860-1869,60,0.01867,0.01850,0.50,50510,934,50044,832591,16.48,both,Denmark,0.5051,-0.6829988495081302,0.9290049659738826,0.0147282389355736
1860-1869,65,0.02962,0.02919,0.50,45179,1319,44523,592662,13.12,both,Denmark,0.45179,-0.7945378088806601,0.8944565432587607,0.02230779187450598
1860-1869,70,0.04794,0.04683,0.51,37752,1768,36878,384487,10.18,both,Denmark,0.37752,-0.9741317315640049,0.8356094645742491,0.03591878453666897
1860-1869,75,0.07580,0.07305,0.50,28288,2066,27261,218701,7.73,both,Denmark,0.28288,-1.2627324995328584,0.7493112947658402,0.057720153593770696
1860-1869,80,0.11816,0.11164,0.51,17972,2006,16980,103146,5.74,both,Denmark,0.17972,-1.7163551947801778,0.6353223981900452,0.0907245390494639
1860-1869,85,0.18035,0.16556,0.50,8831,1462,8107,37107,4.20,both,Denmark,0.08831,-2.4269019275014263,0.49137547295793454,0.1421093465442497
1860-1869,90,0.27804,0.24419,0.50,2990,730,2626,8947,2.99,both,Denmark,0.0299,-3.5098967985854963,0.33858000226474916,0.216598974216814
1860-1869,95,0.39763,0.33116,0.50,564,187,470,1241,2.20,both,Denmark,0.00564,-5.177871213472169,0.18862876254180602,0.33359488297733464
1860-1869,100,0.58163,0.45059,0.50,52,23,40,83,1.61,both,Denmark,5.2e-4,-7.5616817463888015,0.09219858156028368,0.4767621065833264
1860-1869,105,0.40909,0.33333,0.44,2,1,1,3,1.85,both,Denmark,2e-5,-10.819778284410283,0.038461538461538464,0.6516193076042963
1870-1879,0,0.15320,0.13847,0.31,100000,13847,90387,5069736,50.70,both,Denmark,1,0,1,0
1870-1879,5,0.01007,0.01002,0.50,79297,794,78898,4651916,58.66,both,Denmark,0.79297,-0.23196988908433785,0.79297,0.04639397781686757
1870-1879,10,0.00541,0.00540,0.50,76321,412,76117,4263740,55.87,both,Denmark,0.76321,-0.2702220562085333,0.9624702069435161,0.007650433424839087
1870-1879,15,0.00503,0.00502,0.50,74410,374,74225,3887004,52.24,both,Denmark,0.7441,-0.2955798445789215,0.9749610199027791,0.005071557674077643
1870-1879,20,0.00521,0.00520,0.50,72545,377,72356,3519610,48.52,both,Denmark,0.72545,-0.32096312702044283,0.9749361644940197,0.005076656488304266
1870-1879,25,0.00493,0.00492,0.50,70679,348,70505,3161599,44.73,both,Denmark,0.70679,-0.34702168691059404,0.9742780343235233,0.005211711978030243
1870-1879,30,0.00501,0.00500,0.50,68969,345,68796,2812493,40.78,both,Denmark,0.68969,-0.37151305770756504,0.9758061093111108,0.0048982741593942
1870-1879,35,0.00537,0.00535,0.50,67227,360,67048,2471987,36.77,both,Denmark,0.67227,-0.397095233438968,0.9747422755150865,0.005116435146280596
1870-1879,40,0.00644,0.00642,0.50,65300,419,65090,2140511,32.78,both,Denmark,0.653,-0.42617814970570594,0.9713359215791274,0.005816583253347584
1870-1879,45,0.00695,0.00693,0.50,63225,438,63006,1819164,28.77,both,Denmark,0.63225,-0.4584703934320626,0.9682235834609495,0.006458448745271328
1870-1879,50,0.00855,0.00851,0.50,60926,519,60669,1508623,24.76,both,Denmark,0.60926,-0.4955101729882161,0.9636378015025702,0.007407955911230701
1870-1879,55,0.01199,0.01192,0.50,58043,692,57699,1210804,20.86,both,Denmark,0.58043,-0.5439860708172122,0.9526803006926435,0.009695179565799216
1870-1879,60,0.01839,0.01822,0.51,54074,985,53588,929966,17.20,both,Denmark,0.54074,-0.6148167071539903,0.9316196612855986,0.01416612726735562
1870-1879,65,0.02698,0.02662,0.50,48573,1293,47929,672639,13.85,both,Denmark,0.48573,-0.7221023650153663,0.8982690387247105,0.0214571315722752
1870-1879,70,0.04177,0.04092,0.50,41257,1688,40421,447242,10.84,both,Denmark,0.41257,-0.8853493906346065,0.8493813435447677,0.03264940512384804
1870-1879,75,0.06619,0.06407,0.50,32047,2053,31025,263155,8.21,both,Denmark,0.32047,-1.137966610746666,0.7767651550039993,0.05052344402241189
1870-1879,80,0.10654,0.10116,0.50,21434,2168,20353,129084,6.02,both,Denmark,0.21434,-1.540191739697286,0.6688301557088027,0.080445025790124
1870-1879,85,0.17318,0.15942,0.50,11103,1770,10220,48369,4.36,both,Denmark,0.11103,-2.1979548439159626,0.5180087711113185,0.13155262084373534
1870-1879,90,0.26368,0.23275,0.50,3875,902,3421,12641,3.26,both,Denmark,0.03875,-3.2506245231827813,0.3490047734846438,0.21053393585336372
1870-1879,95,0.36262,0.30664,0.50,869,266,735,2164,2.49,both,Denmark,0.00869,-4.7455823397048364,0.22425806451612904,0.298991563304411
1870-1879,100,0.47228,0.38117,0.49,115,44,93,216,1.88,both,Denmark,0.00115,-6.767993336606978,0.1323360184119678,0.4044821993804284
1870-1879,105,0.73913,0.53125,0.47,6,3,4,7,1.29,both,Denmark,6e-5,-9.721165995742174,0.05217391304347826,0.5906345318270392
1880-1889,0,0.15138,0.13699,0.31,100000,13699,90490,5296720,52.97,both,Denmark,1,0,1,0
1880-1889,5,0.00973,0.00968,0.50,79841,773,79454,4877058,61.08,both,Denmark,0.79841,-0.22513302901322046,0.79841,0.045026605802644094
1880-1889,10,0.00419,0.00418,0.50,77099,322,76938,4485741,58.18,both,Denmark,0.77099,-0.2600798756715332,0.9656567427762678,0.0069893693316625425
1880-1889,15,0.00344,0.00343,0.50,75707,260,75578,4103905,54.21,both,Denmark,0.75707,-0.27829955954239,0.9819452911192104,0.0036439367741713637
1880-1889,20,0.00416,0.00415,0.50,74295,308,74140,3728785,50.19,both,Denmark,0.74295,-0.29712653127978067,0.9813491486916666,0.003765394347478135
1880-1889,25,0.00421,0.00421,0.50,72746,306,72593,3361174,46.20,both,Denmark,0.72746,-0.3181962642659694,0.9791506830876909,0.00421394659723775
1880-1889,30,0.00546,0.00545,0.50,71137,387,70943,3001312,42.19,both,Denmark,0.71137,-0.3405625907252652,0.9778819453990597,0.004473265291859152
1880-1889,35,0.00513,0.00511,0.49,69263,354,69084,2650360,38.27,both,Denmark,0.69263,-0.3672593329071261,0.9736564656929586,0.005339348436372182
1880-1889,40,0.00469,0.00468,0.50,67558,316,67401,2308386,34.17,both,Denmark,0.67558,-0.39218369780225026,0.9753836824855984,0.004984872979024835
1880-1889,45,0.00572,0.00571,0.51,65876,376,65691,1974694,29.98,both,Denmark,0.65876,-0.4173959989761294,0.9751028745670387,0.005042460234775825
1880-1889,50,0.00785,0.00782,0.51,63765,499,63520,1650354,25.88,both,Denmark,0.63765,-0.44996573550922814,0.9679549456554739,0.0065139473066197495
1880-1889,55,0.01068,0.01062,0.50,60965,648,60641,1338205,21.95,both,Denmark,0.60965,-0.49487025697586323,0.9560887634282129,0.008980904293327019
1880-1889,60,0.01532,0.01521,0.50,57269,871,56837,1042181,18.20,both,Denmark,0.57269,-0.5574107208837166,0.9393750512589191,0.012508092781570668
1880-1889,65,0.02289,0.02264,0.50,52302,1184,51713,767662,14.68,both,Denmark,0.52302,-0.6481355747305974,0.9132689587735074,0.018144970769376156
1880-1889,70,0.03696,0.03629,0.50,45580,1654,44753,522097,11.45,both,Denmark,0.4558,-0.7857011621705532,0.8714771901648121,0.02751311748799117
1880-1889,75,0.06088,0.05909,0.50,36355,2148,35285,316245,8.70,both,Denmark,0.36355,-1.0118384398860714,0.7976086002632734,0.04522745554310363
1880-1889,80,0.10118,0.09632,0.50,24852,2394,23658,162605,6.54,both,Denmark,0.24852,-1.3922319537866439,0.6835923531838811,0.0760787027801145
1880-1889,85,0.14696,0.13685,0.50,13705,1876,12762,67091,4.90,both,Denmark,0.13705,-1.9874094562333422,0.5514646708514406,0.11903550048933967
1880-1889,90,0.22517,0.20230,0.50,5653,1144,5078,20245,3.58,both,Denmark,0.05653,-2.8729838082949377,0.41247719810288214,0.1771148704123191
1880-1889,95,0.34155,0.29161,0.50,1495,436,1277,3917,2.62,both,Denmark,0.01495,-4.203043979145441,0.26446134795683707,0.2660120341701007
1880-1889,100,0.49212,0.39570,0.50,220,87,177,418,1.90,both,Denmark,0.0022,-6.119297918617867,0.14715719063545152,0.3832507878944851
1880-1889,105,0.93293,0.62195,0.46,13,8,9,17,1.28,both,Denmark,1.3e-4,-8.947976107508692,0.05909090909090909,0.5657356377781652
1890-1899,0,0.15039,0.13617,0.31,100000,13617,90545,5683645,56.84,both,Denmark,1,0,1,0
1890-1899,5,0.00450,0.00449,0.49,81730,367,81545,5259981,64.36,both,Denmark,0.8173,-0.201749054460053,0.8173,0.040349810892010604
1890-1899,10,0.00228,0.00228,0.50,80374,183,80282,4855135,60.41,both,Denmark,0.80374,-0.21847944518733298,0.9834087850238591,0.003346078145455994
1890-1899,15,0.00255,0.00255,0.50,79495,203,79394,4455456,56.05,both,Denmark,0.79495,-0.22947605938741888,0.9890636275412447,0.0021993228400171818
1890-1899,20,0.00468,0.00467,0.50,78228,365,78044,4060844,51.91,both,Denmark,0.78228,-0.24554254625768882,0.9840618906849488,0.003213297374053986
1890-1899,25,0.00482,0.00481,0.49,76422,368,76236,3674292,48.08,both,Denmark,0.76422,-0.2688995731524139,0.976913637060899,0.00467140537894502
1890-1899,30,0.00341,0.00340,0.50,74808,255,74679,3296452,44.07,both,Denmark,0.74808,-0.29024535485494574,0.9788804271021434,0.004269156340506364
1890-1899,35,0.00359,0.00358,0.51,73594,264,73464,2925462,39.75,both,Denmark,0.73594,-0.30660668531546875,0.9837717891134637,0.0032722660921046033
1890-1899,40,0.00400,0.00399,0.50,72225,288,72081,2560841,35.46,both,Denmark,0.72225,-0.3253839396357925,0.9813979400494606,0.0037554508640647464
1890-1899,45,0.00496,0.00495,0.50,70717,350,70544,2203403,31.16,both,Denmark,0.70717,-0.34648418937297126,0.9791208030460367,0.004220049947435756
1890-1899,50,0.00653,0.00650,0.50,68789,447,68566,1854442,26.96,both,Denmark,0.68789,-0.37412633755248825,0.972736400016969,0.005528429635903398
1890-1899,55,0.00914,0.00910,0.50,66294,603,65994,1516471,22.88,both,Denmark,0.66294,-0.4110707906289985,0.9637296660803326,0.007388890615302046
1890-1899,60,0.01359,0.01349,0.50,62904,849,62481,1193015,18.97,both,Denmark,0.62904,-0.46356043129887636,0.9488641506018645,0.010497928133975576
1890-1899,65,0.02167,0.02143,0.50,57989,1243,57367,890052,15.35,both,Denmark,0.57989,-0.5449168486009023,0.9218650642248506,0.016271283460405184
1890-1899,70,0.03581,0.03518,0.50,50717,1784,49827,617249,12.17,both,Denmark,0.50717,-0.6789090258734327,0.8745969063098173,0.026798435454506088
1890-1899,75,0.05432,0.05288,0.50,40817,2159,39738,387561,9.49,both,Denmark,0.40817,-0.8960715246927592,0.8047991797622099,0.0434324997638653
1890-1899,80,0.08372,0.08037,0.50,29429,2365,28251,211443,7.18,both,Denmark,0.29429,-1.2231896032530685,0.7209986035230419,0.06542361571206186
1890-1899,85,0.13125,0.12320,0.50,17780,2191,16690,93678,5.27,both,Denmark,0.1778,-1.7270959559023327,0.6041659587481736,0.10078127052985283
1890-1899,90,0.20380,0.18490,0.50,8077,1493,7328,30343,3.76,both,Denmark,0.08077,-2.516149669527932,0.45427446569178853,0.1578107427251199
1890-1899,95,0.31954,0.27517,0.50,2316,637,1994,6112,2.64,both,Denmark,0.02316,-3.7653286262773427,0.28674012628451157,0.2498357913498821
1890-1899,100,0.50018,0.39702,0.48,341,135,270,639,1.88,both,Denmark,0.00341,-5.681042987686712,0.14723661485319517,0.3831428722818738
1890-1899,105,0.67385,0.50694,0.51,21,11,16,30,1.41,both,Denmark,2.1e-4,-8.468403027246806,0.06158357771260997,0.5574720079120189
1900-1909,0,0.12584,0.11573,0.31,100000,11573,91964,6149584,61.50,both,Denmark,1,0,1,0
1900-1909,5,0.00267,0.00267,0.50,85596,228,85482,5711626,66.73,both,Denmark,0.85596,-0.15553163290418992,0.85596,0.031106326580837985
1900-1909,10,0.00181,0.00181,0.50,84648,153,84572,5286185,62.45,both,Denmark,0.84648,-0.1666687043862308,0.9889247161082294,0.0022274142964081754
1900-1909,15,0.00227,0.00227,0.50,83866,191,83771,4864843,58.01,both,Denmark,0.83866,-0.1759498989871063,0.9907617427464323,0.0018562389201751018
1900-1909,20,0.00306,0.00306,0.50,82700,253,82574,4448246,53.79,both,Denmark,0.827,-0.1899505839584458,0.9860968688145375,0.002800136994267899
1900-1909,25,0.00281,0.00280,0.50,81497,228,81383,4037805,49.55,both,Denmark,0.81497,-0.2046039762347232,0.985453446191052,0.002930678455255481
1900-1909,30,0.00269,0.00269,0.50,80400,216,80292,3633081,45.19,both,Denmark,0.804,-0.21815600980317063,0.9865393818177356,0.0027104067136894837
1900-1909,35,0.00272,0.00271,0.51,79365,215,79258,3233676,40.74,both,Denmark,0.79365,-0.23111272096388666,0.9871268656716418,0.0025913422321432065
1900-1909,40,0.00303,0.00302,0.50,78227,236,78108,2839632,36.30,both,Denmark,0.78227,-0.24555532948609327,0.9856611856611857,0.0028885217044413215
1900-1909,45,0.00391,0.00390,0.50,76956,300,76806,2451587,31.86,both,Denmark,0.76956,-0.2619363560333652,0.9837524128497833,0.003276205309454383
1900-1909,50,0.00538,0.00537,0.50,75288,404,75085,2070783,27.50,both,Denmark,0.75288,-0.28384942643160466,0.9783252767815375,0.004382614079647895
1900-1909,55,0.00861,0.00858,0.50,72911,625,72599,1699893,23.31,both,Denmark,0.72911,-0.315930666724103,0.9684279035171608,0.006416248058499674
1900-1909,60,0.01332,0.01323,0.50,69260,916,68805,1343866,19.40,both,Denmark,0.6926,-0.3673026470138155,0.9499252513338179,0.010274396057942493
1900-1909,65,0.02209,0.02185,0.50,63763,1393,63068,1010417,15.85,both,Denmark,0.63763,-0.4499971011701052,0.9206323996534796,0.016538890831257945
1900-1909,70,0.03370,0.03314,0.50,56085,1859,55157,709951,12.66,both,Denmark,0.56085,-0.5783017888909047,0.8795853394601885,0.02566093754415989
1900-1909,75,0.05077,0.04952,0.50,45990,2278,44857,453923,9.87,both,Denmark,0.4599,-0.776746204436259,0.8200053490238032,0.03968888310907086
1900-1909,80,0.07877,0.07581,0.50,33922,2572,32647,253484,7.47,both,Denmark,0.33922,-1.081106414538444,0.7375951293759513,0.06087204202043699
1900-1909,85,0.12249,0.11542,0.50,21224,2450,20000,115726,5.45,both,Denmark,0.21224,-1.5500375691526527,0.6256706562113082,0.09378623092284175
1900-1909,90,0.19821,0.18032,0.50,10003,1804,9100,38769,3.88,both,Denmark,0.10003,-2.3022851379850477,0.47130606860158314,0.15044951376647903
1900-1909,95,0.30743,0.26664,0.50,2991,798,2594,8278,2.77,both,Denmark,0.02991,-3.5095624063402804,0.29901029691092673,0.24145545367104654
1900-1909,100,0.44335,0.36199,0.49,476,172,388,965,2.03,both,Denmark,0.00476,-5.347507610738808,0.15914409896355733,0.36758904087970556
1900-1909,105,0.70799,0.52632,0.51,35,19,26,51,1.43,both,Denmark,3.5e-4,-7.957577403480815,0.07352941176470588,0.5220139585484013
1910-1919,0,0.10108,0.09445,0.31,100000,9445,93441,6500632,65.01,both,Denmark,1,0,1,0
1910-1919,5,0.00239,0.00239,0.50,88162,210,88056,6051444,68.64,both,Denmark,0.88162,-0.1259941548154027,0.88162,0.025198830963080537
1910-1919,10,0.00113,0.00113,0.50,87357,99,87308,5612863,64.25,both,Denmark,0.87357,-0.1351670152404911,0.9908690819173793,0.0018345720850176828
1910-1919,15,0.00148,0.00147,0.51,86874,128,86811,5177268,59.60,both,Denmark,0.86874,-0.14071139296075177,0.9944709639754112,0.0011088755440521348
1910-1919,20,0.00226,0.00226,0.50,86076,195,85979,4744754,55.12,both,Denmark,0.86076,-0.14993955905579373,0.9908142827543338,0.0018456332190083912
1910-1919,25,0.00207,0.00207,0.51,85195,176,85108,4316639,50.67,both,Denmark,0.85195,-0.1602274393208889,0.9897648589618476,0.0020575760530190334
1910-1919,30,0.00199,0.00199,0.50,84327,168,84244,3892856,46.16,both,Denmark,0.84327,-0.17046808756296725,0.9898116086624802,0.0020481296484156698
1910-1919,35,0.00199,0.00199,0.50,83512,166,83428,3473289,41.59,both,Denmark,0.83512,-0.18017985188209412,0.9903352425676236,0.001942352863825375
1910-1919,40,0.00214,0.00214,0.50,82724,177,82636,3057702,36.96,both,Denmark,0.82724,-0.1896604204976615,0.9905642302902576,0.0018961137231134739
1910-1919,45,0.00315,0.00314,0.50,81710,257,81582,2646475,32.39,both,Denmark,0.8171,-0.20199379259147524,0.9877423722257144,0.0024666744187627487
1910-1919,50,0.00505,0.00504,0.50,80172,404,79970,2241490,27.96,both,Denmark,0.80172,-0.2209958592567508,0.9811773344755844,0.0038004133330551138
1910-1919,55,0.00832,0.00829,0.50,77696,644,77372,1846366,23.76,both,Denmark,0.77696,-0.25236640999111304,0.9691163997405579,0.006274110146872447
1910-1919,60,0.01322,0.01313,0.51,73853,970,73373,1466864,19.86,both,Denmark,0.73853,-0.30309355495156476,0.9505379942339374,0.010145428992090344
1910-1919,65,0.02022,0.02002,0.50,68166,1365,67487,1110962,16.30,both,Denmark,0.68166,-0.3832242791722688,0.9229956806087769,0.016026144844140812
1910-1919,70,0.03147,0.03098,0.50,60355,1870,59420,788715,13.07,both,Denmark,0.60355,-0.5049263918350009,0.8854120822697532,0.024340422532546414
1910-1919,75,0.04829,0.04716,0.50,50051,2360,48880,511758,10.22,both,Denmark,0.50051,-0.6921277004064796,0.8292767790572446,0.03744026171429575
1910-1919,80,0.07379,0.07117,0.50,37462,2666,36132,292235,7.80,both,Denmark,0.37462,-0.9818431001143908,0.7484765539150067,0.05794307994158223
1910-1919,85,0.11364,0.10755,0.50,23977,2579,22693,138586,5.78,both,Denmark,0.23977,-1.4280751484684575,0.6400352357055149,0.08924640967081335
1910-1919,90,0.18356,0.16817,0.50,12021,2022,11013,49526,4.12,both,Denmark,0.12021,-2.1185150656659744,0.5013554656545857,0.13808798343950338
1910-1919,95,0.28135,0.24678,0.50,3976,981,3488,11648,2.93,both,Denmark,0.03976,-3.224893897193764,0.33075451293569585,0.22127576630555792
1910-1919,100,0.43307,0.35612,0.50,724,258,595,1486,2.05,both,Denmark,0.00724,-4.928134072584512,0.18209255533199195,0.34064803507814956
1910-1919,105,0.73947,0.53773,0.49,55,30,40,80,1.45,both,Denmark,5.5e-4,-7.5055922797377574,0.07596685082872928,0.5154916414306492
1920-1925,0,0.08841,0.08330,0.31,100000,8330,94215,6716835,67.17,both,Denmark,1,0,1,0
1920-1925,5,0.00149,0.00149,0.50,89923,134,89855,6260681,69.62,both,Denmark,0.89923,-0.10621643740991876,0.89923,0.02124328748198375
1920-1925,10,0.00099,0.00099,0.51,89357,88,89314,5812604,65.05,both,Denmark,0.89357,-0.11253060385874,0.9937057260100308,0.001262833289764248
1920-1925,15,0.00106,0.00106,0.50,88951,94,88904,5366829,60.33,both,Denmark,0.88951,-0.11708452966850232,0.9954564275882136,9.107851619524626e-4
1920-1925,20,0.00187,0.00187,0.51,88380,165,88300,4923377,55.71,both,Denmark,0.8838,-0.12352448628549743,0.9935807354610966,0.0012879913233990238
1920-1925,25,0.00154,0.00154,0.49,87540,135,87471,4483579,51.22,both,Denmark,0.8754,-0.13307435422534214,0.9904955872369314,0.001909973587968941
1920-1925,30,0.00125,0.00125,0.50,86966,108,86912,4047361,46.54,both,Denmark,0.86966,-0.13965294831522707,0.9934429974868632,0.0013157188179769852
1920-1925,35,0.00129,0.00129,0.51,86424,112,86369,3613846,41.82,both,Denmark,0.86424,-0.14590477097340757,0.9937676793229538,0.0012503645316361
1920-1925,40,0.00210,0.00210,0.51,85740,180,85651,3183305,37.13,both,Denmark,0.8574,-0.15385072481826026,0.9920855317967231,0.0015891907689705386
1920-1925,45,0.00325,0.00324,0.50,84702,275,84565,2757019,32.55,both,Denmark,0.84702,-0.1660309718579738,0.9878936319104269,0.0024360494079427087
1920-1925,50,0.00554,0.00552,0.51,82984,458,82758,2337428,28.17,both,Denmark,0.82984,-0.18652236785856444,0.9797171259238271,0.004098279200118127
1920-1925,55,0.00859,0.00855,0.50,80251,686,79910,1928889,24.04,both,Denmark,0.80251,-0.2200109629964145,0.96706594042225,0.006697719027570015
1920-1925,60,0.01365,0.01356,0.50,76173,1033,75656,1537095,20.18,both,Denmark,0.76173,-0.2721631167941104,0.9491844338388307,0.010430430759539183
1920-1925,65,0.02117,0.02095,0.50,70224,1471,69491,1170295,16.67,both,Denmark,0.70224,-0.3534800530422132,0.9219014611476507,0.016263387249620554
1920-1925,70,0.03149,0.03101,0.50,62085,1925,61123,838564,13.51,both,Denmark,0.62085,-0.4766657721192859,0.8840994531784006,0.02463714381541454
1920-1925,75,0.04652,0.04546,0.50,51577,2345,50404,553591,10.73,both,Denmark,0.51577,-0.6620943493046969,0.8307481678344205,0.0370857154370822
1920-1925,80,0.06742,0.06524,0.50,39366,2568,38091,325705,8.27,both,Denmark,0.39366,-0.9322676863972958,0.7632471838222463,0.05403466741851979
1920-1925,85,0.10352,0.09843,0.50,26386,2597,25089,161274,6.11,both,Denmark,0.26386,-1.3323366195265065,0.6702738403698624,0.08001378662584213
1920-1925,90,0.16173,0.14967,0.50,14079,2107,13030,60879,4.32,both,Denmark,0.14079,-1.9604858605077011,0.5335784127946639,0.12562984819623893
1920-1925,95,0.27313,0.24041,0.50,5006,1203,4406,14860,2.97,both,Denmark,0.05006,-2.9945329929785087,0.3555650259251367,0.2068094264941615
1920-1925,100,0.42625,0.35177,0.50,928,327,766,1915,2.06,both,Denmark,0.00928,-4.679893732184028,0.1853775469436676,0.33707214784110384
1920-1925,105,0.76148,0.55063,0.50,72,40,52,103,1.42,both,Denmark,7.2e-4,-7.236259345954173,0.07758620689655173,0.511273122754029
