Year,Age,mx,qx,ax,lx,dx,Lx,Tx,ex,Sex,Country,Prob,logProb,CP,Haz
1816-1819,0,0.18897,0.16729,0.31,100000,16729,88526,3977100,39.77,Female,France,1,0,1,0
1816-1819,5,0.01605,0.01593,0.50,71707,1142,71139,3584542,49.99,Female,France,0.71707,-0.3325818141381554,0.71707,0.06651636282763108
1816-1819,10,0.00696,0.00694,0.50,67476,468,67243,3237983,47.99,Female,France,0.67476,-0.39339820689002636,0.9409959976013499,0.01216327855037419
1816-1819,15,0.00679,0.00677,0.51,65489,443,65271,2905741,44.37,Female,France,0.65489,-0.4232879963815042,0.9705524927381588,0.0059779578982955715
1816-1819,20,0.00868,0.00864,0.51,63075,545,62807,2584148,40.97,Female,France,0.63075,-0.4608456914609699,0.9631388477454229,0.007511539015893132
1816-1819,25,0.00940,0.00936,0.50,60240,564,59960,2275770,37.78,Female,France,0.6024,-0.5068336024964532,0.9550535077288942,0.009197582207096655
1816-1819,30,0.01085,0.01079,0.50,57425,620,57117,1981532,34.51,Female,France,0.57425,-0.5546904374129293,0.9532702523240372,0.009571366983295238
1816-1819,35,0.01128,0.01122,0.51,54460,611,54158,1701952,31.25,Female,France,0.5446,-0.6077036987424779,0.9483674357858076,0.010602652265909706
1816-1819,40,0.01142,0.01136,0.50,51419,584,51130,1437316,27.95,Female,France,0.51419,-0.665162432025182,0.9441608520014689,0.011491746656540824
1816-1819,45,0.01124,0.01118,0.51,48594,543,48326,1187388,24.43,Female,France,0.48594,-0.7216701194931836,0.9450592193547133,0.011301537493600322
1816-1819,50,0.01485,0.01475,0.51,45684,674,45353,951456,20.83,Female,France,0.45684,-0.7834220587997307,0.9401160637115693,0.01235038786130942
1816-1819,55,0.01894,0.01876,0.50,41783,784,41390,732397,17.53,Female,France,0.41783,-0.8726806277462653,0.9146090534979424,0.017851713789306924
1816-1819,60,0.02708,0.02672,0.51,37608,1005,37113,533530,14.19,Female,France,0.37608,-0.9779533922662619,0.900078979489266,0.021054552903999314
1816-1819,65,0.03910,0.03837,0.51,32039,1229,31435,358892,11.20,Female,France,0.32039,-1.138216275261273,0.8519198042969581,0.03205257659900222
1816-1819,70,0.06230,0.06046,0.51,25374,1534,24625,214715,8.46,Female,France,0.25374,-1.3714451582696847,0.7919722837791442,0.04664577660168234
1816-1819,75,0.10830,0.10283,0.51,16998,1748,16140,108093,6.36,Female,France,0.16998,-1.772074495911657,0.6698983211161031,0.08012586752839446
1816-1819,80,0.16075,0.14915,0.52,9190,1371,8526,43548,4.74,Female,France,0.0919,-2.387054249620496,0.5406518413931051,0.12299595074176776
1816-1819,85,0.23723,0.21231,0.51,3622,769,3242,12560,3.47,Female,France,0.03622,-3.3181438265268697,0.3941240478781284,0.18621791538127477
1816-1819,90,0.33411,0.28627,0.50,887,254,760,2359,2.66,Female,France,0.00887,-4.725080482660649,0.24489232468249586,0.28138733122675597
1816-1819,95,0.43309,0.35596,0.50,134,48,110,269,2.01,Female,France,0.00134,-6.615085665019317,0.15107102593010147,0.37800103647173344
1816-1819,100,0.72562,0.53090,0.49,9,5,7,11,1.27,Female,France,9e-5,-9.315700887634009,0.06716417910447761,0.5401230445229384
1816-1819,105,.,.,.,0,0,0,0,.,Female,France,0,-Inf,0,Inf
1820-1829,0,0.19319,0.17059,0.31,100000,17059,88299,3966879,39.67,Female,France,1,0,1,0
1820-1829,5,0.01673,0.01659,0.50,71394,1185,70804,3575575,50.08,Female,France,0.71394,-0.33695635378701994,0.71394,0.06739127075740399
1820-1829,10,0.00697,0.00694,0.51,67221,467,66991,3230639,48.06,Female,France,0.67221,-0.3971844872769424,0.9415497100596689,0.01204562669798449
1820-1829,15,0.00642,0.00640,0.51,65187,417,64981,2899795,44.48,Female,France,0.65187,-0.42791012343868307,0.969741598607578,0.006145127232348136
1820-1829,20,0.00899,0.00895,0.50,62776,562,62497,2579563,41.09,Female,France,0.62776,-0.4655973511629193,0.9630140979029561,0.007537445544847243
1820-1829,25,0.01016,0.01011,0.51,59873,605,59574,2272844,37.96,Female,France,0.59873,-0.5129445337376579,0.9537562125653116,0.009469436514947726
1820-1829,30,0.01020,0.01015,0.50,56879,577,56593,1980998,34.83,Female,France,0.56879,-0.5642439815196625,0.9499941542932541,0.010259889556400914
1820-1829,35,0.01004,0.00999,0.51,54021,540,53754,1703786,31.54,Female,France,0.54021,-0.6157973261326133,0.9497529844054924,0.01031066892259016
1820-1829,40,0.01076,0.01070,0.51,51341,550,51071,1440375,28.06,Female,France,0.51341,-0.6666805327449191,0.9503896632790951,0.010176641322461166
1820-1829,45,0.01261,0.01253,0.51,48377,606,48077,1190906,24.62,Female,France,0.48377,-0.7261456918235208,0.9422683625172864,0.011893031815720346
1820-1829,50,0.01491,0.01480,0.50,45256,670,44923,956686,21.14,Female,France,0.45256,-0.7928349279472368,0.9354858713851624,0.013337847224743182
1820-1829,55,0.01776,0.01760,0.51,41833,736,41469,738819,17.66,Female,France,0.41833,-0.8714846842435983,0.9243636202934418,0.0157299512592723
1820-1829,60,0.02633,0.02599,0.51,37770,982,37287,539350,14.28,Female,France,0.3777,-0.9736550492637259,0.90287572012526,0.020434073004025534
1820-1829,65,0.04071,0.03992,0.51,32151,1283,31521,363847,11.32,Female,France,0.32151,-1.1347266315891216,0.851231135822081,0.03221431646507913
1820-1829,70,0.06533,0.06331,0.51,25291,1601,24507,219714,8.69,Female,France,0.25291,-1.374721584767275,0.7866318310472458,0.047998990635630664
1820-1829,75,0.09892,0.09435,0.51,17314,1634,16514,113070,6.53,Female,France,0.17314,-1.7536547631945094,0.6845913566090704,0.0757866356854469
1820-1829,80,0.15658,0.14535,0.51,9570,1391,8883,46190,4.83,Female,France,0.0957,-2.3465369805232283,0.5527318932655655,0.11857644346574378
1820-1829,85,0.22982,0.20635,0.51,3861,797,3467,13674,3.54,Female,France,0.03861,-3.254243968705992,0.40344827586206894,0.18154139763655275
1820-1829,90,0.33756,0.28891,0.50,987,285,845,2599,2.63,Female,France,0.00987,-4.618255425536747,0.2556332556332556,0.2728022913661509
1820-1829,95,0.45561,0.37111,0.50,142,53,115,284,2.00,Female,France,0.00142,-6.557098407368968,0.14387031408308004,0.38776859636644423
1820-1829,100,0.63978,0.47769,0.47,10,5,8,14,1.36,Female,France,1e-4,-9.210340371976182,0.07042253521126761,0.5306483929214428
1820-1829,105,0.73404,0.58974,0.67,0,0,0,0,0.94,Female,France,0,-Inf,0,Inf
1830-1839,0,0.17849,0.15902,0.31,100000,15902,89093,4106024,41.06,Female,France,1,0,1,0
1830-1839,5,0.01424,0.01414,0.50,72888,1031,72374,3708742,50.88,Female,France,0.72888,-0.31624616957653406,0.72888,0.06324923391530682
1830-1839,10,0.00644,0.00642,0.51,69252,445,69032,3354718,48.44,Female,France,0.69252,-0.36741816047126163,0.9501152453078696,0.010234398178945513
1830-1839,15,0.00682,0.00680,0.51,67217,457,66993,3013610,44.83,Female,France,0.67217,-0.3972439942615922,0.9706145670883152,0.005965166758066109
1830-1839,20,0.00938,0.00934,0.51,64588,603,64290,2683752,41.55,Female,France,0.64588,-0.4371415509687167,0.9608878706279661,0.007979511341424906
1830-1839,25,0.00953,0.00948,0.50,61517,583,61228,2368465,38.50,Female,France,0.61517,-0.4858566266091249,0.9524524679507029,0.009743015128081633
1830-1839,30,0.00971,0.00967,0.51,58669,567,58389,2068039,35.25,Female,France,0.58669,-0.5332587076816904,0.9537038542191589,0.009480416214513098
1830-1839,35,0.01090,0.01084,0.51,55671,603,55373,1782061,32.01,Female,France,0.55671,-0.5857108209577798,0.9488997596686496,0.01049042265521789
1830-1839,40,0.01111,0.01105,0.50,52691,582,52401,1511167,28.68,Female,France,0.52691,-0.6407255230136107,0.9464712327782867,0.011002940411166184
1830-1839,45,0.01139,0.01133,0.51,49921,566,49641,1254691,25.13,Female,France,0.49921,-0.6947284300762759,0.947429352261297,0.010800581412533039
1830-1839,50,0.01393,0.01383,0.51,46959,650,46638,1012324,21.56,Female,France,0.46959,-0.7558953054138958,0.9406662526792332,0.012233375067523977
1830-1839,55,0.01710,0.01696,0.51,43507,738,43142,785948,18.06,Female,France,0.43507,-0.8322483412993834,0.9264890649289806,0.015270607177097517
1830-1839,60,0.02654,0.02620,0.51,39458,1034,38949,578066,14.65,Female,France,0.39458,-0.9299333709153137,0.9069345162847358,0.01953700592318606
1830-1839,65,0.03779,0.03710,0.51,33969,1260,33349,394075,11.60,Female,France,0.33969,-1.0797218419880792,0.8608900603172994,0.029957694214553098
1830-1839,70,0.06129,0.05948,0.50,27132,1614,26332,240687,8.87,Female,France,0.27132,-1.3044563429042582,0.7987282522299743,0.04494690018323579
1830-1839,75,0.09645,0.09207,0.51,18885,1739,18027,125262,6.63,Female,France,0.18885,-1.6668022298236713,0.6960415745245466,0.07246917738388263
1830-1839,80,0.14839,0.13819,0.50,10572,1461,9845,51971,4.92,Female,France,0.10572,-2.246961189246049,0.5598093725178713,0.1160317918844755
1830-1839,85,0.22320,0.20094,0.50,4343,873,3910,15720,3.62,Female,France,0.04343,-3.1366048324354066,0.41080211880438894,0.17792872863787154
1830-1839,90,0.32759,0.28155,0.50,1158,326,995,3102,2.68,Female,France,0.01158,-4.458475806837288,0.2666359659221736,0.2643741948803762
1830-1839,95,0.44931,0.36703,0.50,173,63,141,347,2.01,Female,France,0.00173,-6.359633870472449,0.14939550949913644,0.3802316127270323
1830-1839,100,0.67642,0.50622,0.50,12,6,9,16,1.36,Female,France,1.2e-4,-9.028018815182229,0.06936416184971098,0.5336769889419559
1830-1839,105,0.44483,0.36752,0.53,0,0,0,0,2.45,Female,France,0,-Inf,0,Inf
1840-1849,0,0.16167,0.14553,0.31,100000,14553,90018,4252929,42.53,Female,France,1,0,1,0
1840-1849,5,0.01385,0.01376,0.50,74782,1029,74271,3847917,51.46,Female,France,0.74782,-0.2905929716777522,0.74782,0.058118594335550444
1840-1849,10,0.00648,0.00646,0.51,71105,459,70878,3484492,49.00,Female,France,0.71105,-0.3410125281634318,0.9508304137359258,0.010083911297135918
1840-1849,15,0.00691,0.00689,0.51,68879,475,68644,3134519,45.51,Female,France,0.68879,-0.3728188439763261,0.9686941846564939,0.0063612631625788564
1840-1849,20,0.00863,0.00859,0.51,66322,570,66041,2796324,42.16,Female,France,0.66322,-0.4106485188003191,0.9628769291075654,0.007565934964798604
1840-1849,25,0.01027,0.01022,0.50,63171,645,62851,2472354,39.14,Female,France,0.63171,-0.45932485090358754,0.952489370043123,0.009735266420653688
1840-1849,30,0.01025,0.01019,0.50,60028,612,59723,2164405,36.06,Female,France,0.60028,-0.5103590659543481,0.9502461572557028,0.010206843010152112
1840-1849,35,0.00978,0.00973,0.50,57160,556,56885,1871559,32.74,Female,France,0.5716,-0.5593158329264247,0.9522222962617445,0.009791353394415326
1840-1849,40,0.01030,0.01025,0.50,54405,558,54129,1592642,29.27,Female,France,0.54405,-0.608714124585116,0.9518019594121764,0.009879658331738251
1840-1849,45,0.01095,0.01090,0.50,51587,562,51309,1327629,25.74,Female,France,0.51587,-0.6619004832267757,0.948203290138774,0.010637271728331954
1840-1849,50,0.01293,0.01285,0.51,48744,626,48435,1076724,22.09,Female,France,0.48744,-0.7185880730418982,0.9448892162754182,0.01133751796302449
1840-1849,55,0.01618,0.01605,0.51,45467,730,45106,840998,18.50,Female,France,0.45467,-0.7881833978954146,0.9327712128672246,0.013919064970703277
1840-1849,60,0.02471,0.02441,0.50,41351,1009,40848,623502,15.08,Female,France,0.41351,-0.8830735810139583,0.9094728044515803,0.018978036623708738
1840-1849,65,0.03624,0.03560,0.50,35926,1279,35291,429752,11.96,Female,France,0.35926,-1.0237089186414474,0.868806074822858,0.028127067525497828
1840-1849,70,0.05694,0.05537,0.50,28954,1603,28155,266862,9.22,Female,France,0.28954,-1.2394618222562395,0.8059344207537716,0.04315058072295841
1840-1849,75,0.08931,0.08554,0.51,20548,1758,19679,142686,6.94,Female,France,0.20548,-1.58240657338307,0.7096774193548387,0.06858895022536608
1840-1849,80,0.13901,0.13007,0.51,11986,1559,11215,61543,5.13,Female,France,0.11986,-2.121430883952098,0.5833171111543702,0.1078048621138056
1840-1849,85,0.21101,0.19124,0.51,5198,994,4711,19570,3.76,Female,France,0.05198,-2.9568962497687927,0.4336726180543968,0.16709307316333896
1840-1849,90,0.31478,0.27279,0.51,1497,408,1298,4052,2.71,Female,France,0.01497,-4.2017070805506,0.28799538283955367,0.2489621661563614
1840-1849,95,0.48645,0.39135,0.50,224,88,181,439,1.96,Female,France,0.00224,-6.101279413115189,0.14963259853039412,0.3799144665129178
1840-1849,100,0.66328,0.48985,0.47,15,8,11,24,1.53,Female,France,1.5e-4,-8.804875263868018,0.06696428571428571,0.5407191701505658
1840-1849,105,0.62134,0.47304,0.50,1,0,0,1,1.30,Female,France,1e-5,-11.512925464970229,0.06666666666666667,0.5416100402204421
1850-1859,0,0.17503,0.15627,0.31,100000,15627,89282,4296227,42.96,Female,France,1,0,1,0
1850-1859,5,0.01356,0.01346,0.50,73246,986,72754,3897337,53.21,Female,France,0.73246,-0.31134654709049137,0.73246,0.06226930941809827
1850-1859,10,0.00482,0.00481,0.51,70152,338,69986,3540430,50.47,Female,France,0.70152,-0.3545058695110368,0.9577587854626873,0.008631864484109086
1850-1859,15,0.00663,0.00661,0.51,68256,451,68033,3194185,46.80,Female,France,0.68255999999999994,-0.3819048436991514,0.972972972972973,0.00547979483762292
1850-1859,20,0.00890,0.00886,0.50,65705,582,65415,2858965,43.51,Female,France,0.65705,-0.41999515989249,0.9626259962494139,0.007618063238667716
1850-1859,25,0.00886,0.00882,0.50,62885,555,62610,2537534,40.35,Female,France,0.62885,-0.46386252448897247,0.9570808918651549,0.0087734729192965
1850-1859,30,0.00906,0.00902,0.50,60135,542,59866,2229990,37.08,Female,France,0.60135,-0.5085781512255113,0.9562693806154091,0.008943125347307767
1850-1859,35,0.00893,0.00890,0.50,57478,511,57225,1936001,33.68,Female,France,0.57478,-0.5537679200938211,0.9558160804855741,0.009037953773661966
1850-1859,40,0.00938,0.00934,0.51,54986,513,54732,1654865,30.10,Female,France,0.54986,-0.5980915786123587,0.9566442812902328,0.008864731703707518
1850-1859,45,0.01003,0.00998,0.50,52459,524,52199,1386259,26.43,Female,France,0.52459,-0.6451382738736335,0.9540428472702143,0.009409339052254962
1850-1859,50,0.01238,0.01230,0.50,49697,611,49392,1130691,22.75,Female,France,0.49697,-0.6992256168804158,0.9473493585466746,0.010817468601356461
1850-1859,55,0.01568,0.01556,0.50,46451,723,46091,890071,19.16,Female,France,0.46451,-0.7667721924346832,0.9346841861681792,0.01350931511085347
1850-1859,60,0.02244,0.02219,0.50,42456,942,41983,667360,15.72,Female,France,0.42456,-0.8567019404624976,0.9139953929947687,0.01798594960556288
1850-1859,65,0.03285,0.03232,0.50,37275,1205,36677,467465,12.54,Female,France,0.37275,-0.9868473253372891,0.877967778405879,0.02602907697495831
1850-1859,70,0.05087,0.04962,0.50,30653,1521,29899,296989,9.69,Female,France,0.30653,-1.1824396491135167,0.8223474178403756,0.03911846475524552
1850-1859,75,0.08140,0.07828,0.51,22495,1761,21631,163491,7.27,Female,France,0.22495,-1.4918771236949557,0.7338596548461814,0.0618874949162878
1850-1859,80,0.12862,0.12102,0.51,13780,1668,12965,72865,5.29,Female,France,0.1378,-1.9819519204025788,0.6125805734607691,0.09801495934152463
1850-1859,85,0.21267,0.19256,0.51,6246,1203,5655,23533,3.77,Female,France,0.06246,-2.7732289271272044,0.4532656023222061,0.1582554013449251
1850-1859,90,0.30692,0.26655,0.51,1744,465,1514,5029,2.88,Female,France,0.01744,-4.048988860501304,0.2792186999679795,0.25515198667481986
1850-1859,95,0.39710,0.33265,0.51,305,101,255,689,2.26,Female,France,0.00305,-5.792613688362817,0.17488532110091742,0.34872496557230265
1850-1859,100,0.69154,0.50002,0.45,33,16,24,50,1.51,Female,France,3.3e-4,-8.016417903503749,0.10819672131147541,0.4447608430281864
1850-1859,105,0.72581,0.52174,0.46,1,1,1,2,1.26,Female,France,1e-5,-11.512925464970229,0.030303030303030304,0.699301512293296
1860-1869,0,0.17997,0.16020,0.31,100000,16020,89012,4453051,44.53,Female,France,1,0,1,0
1860-1869,5,0.01219,0.01211,0.50,73667,892,73225,4053981,55.03,Female,France,0.73667,-0.30561524826180764,0.73667,0.061123049652361525
1860-1869,10,0.00470,0.00469,0.51,70790,332,70626,3694153,52.18,Female,France,0.7079,-0.3454524382019935,0.9609458780729498,0.007967437988037174
1860-1869,15,0.00555,0.00554,0.51,69177,383,68990,3344182,48.34,Female,France,0.69177,-0.36850174855379525,0.9772142958044922,0.004609862070360349
1860-1869,20,0.00753,0.00750,0.51,66980,503,66732,3003506,44.84,Female,France,0.6698,-0.40077611862203294,0.968240889312922,0.006454874013647538
1860-1869,25,0.00783,0.00780,0.51,64437,503,64189,2674942,41.51,Female,France,0.64437,-0.43948218369785547,0.9620334428187519,0.007741213015164505
1860-1869,30,0.00809,0.00806,0.51,61973,500,61727,2358946,38.06,Female,France,0.61973,-0.4784713796646068,0.9617610999891367,0.007797839193350265
1860-1869,35,0.00796,0.00793,0.51,59552,472,59320,2055188,34.51,Female,France,0.59552,-0.518320305528251,0.9609346005518532,0.007969785172728849
1860-1869,40,0.00869,0.00865,0.50,57166,495,56920,1763354,30.85,Female,France,0.57166,-0.5592108699257862,0.9599341751746373,0.008178112879507028
1860-1869,45,0.00952,0.00947,0.50,54687,518,54430,1483658,27.13,Female,France,0.54687,-0.6035441647691973,0.9566350627995662,0.008866658968682217
1860-1869,50,0.01181,0.01174,0.50,51949,610,51642,1216857,23.42,Female,France,0.51949,-0.6549077179062768,0.9499332565326312,0.010272710627415905
1860-1869,55,0.01487,0.01476,0.50,48693,719,48336,965025,19.82,Female,France,0.48693,-0.7196349033970483,0.9373231438526247,0.0129454370981543
1860-1869,60,0.02047,0.02026,0.50,44789,907,44338,730961,16.32,Female,France,0.44789,-0.8032076124302663,0.9198242047111495,0.016714541806643602
1860-1869,65,0.02993,0.02950,0.51,39772,1173,39195,518991,13.05,Female,France,0.39772,-0.9220070388702641,0.8879858893924848,0.02375988528799957
1860-1869,70,0.04703,0.04597,0.51,33255,1529,32507,335687,10.09,Female,France,0.33255,-1.1009650542517069,0.8361410037212109,0.03579160307628855
1860-1869,75,0.07764,0.07480,0.51,24949,1866,24037,189401,7.59,Female,France,0.24949,-1.3883364447541156,0.7502330476620057,0.05747427810048174
1860-1869,80,0.12241,0.11551,0.51,15389,1778,14522,88442,5.75,Female,France,0.15389,-1.8715172175063768,0.6168183093510762,0.09663615455045224
1860-1869,85,0.17628,0.16239,0.51,7481,1215,6892,32203,4.30,Female,France,0.07481,-2.5928037130978234,0.4861264539606212,0.14425729911828933
1860-1869,90,0.27013,0.23858,0.51,2579,615,2278,8181,3.17,Female,France,0.02579,-3.6577684590888837,0.3447400080203181,0.21299294919821204
1860-1869,95,0.37636,0.31737,0.51,541,172,456,1310,2.42,Female,France,0.00541,-5.219506186123747,0.2097712291585886,0.31234754540697257
1860-1869,100,0.58431,0.44374,0.46,70,31,53,123,1.75,Female,France,7e-4,-7.264430222920869,0.12939001848428835,0.40898480735942455
1860-1869,105,0.64441,0.48438,0.49,4,2,3,6,1.44,Female,France,4e-5,-10.126631103850338,0.05714285714285714,0.5724401761858937
1870-1879,0,0.17475,0.15605,0.31,100000,15605,89297,4709585,47.10,Female,France,1,0,1,0
1870-1879,5,0.01031,0.01026,0.51,75711,777,75328,4304626,56.86,Female,France,0.75711,-0.2782467256652958,0.75711,0.05564934513305916
1870-1879,10,0.00395,0.00395,0.51,73233,289,73091,3933461,53.71,Female,France,0.73233,-0.3115240469373517,0.967270277766771,0.006655464254411181
1870-1879,15,0.00563,0.00561,0.51,71640,402,71443,3571077,49.85,Female,France,0.7164,-0.33351660879558026,0.978247511367826,0.004398512371645713
1870-1879,20,0.00702,0.00700,0.51,69406,486,69167,3218267,46.37,Female,France,0.69406,-0.3651968668809672,0.9688163037409269,0.006336051617077387
1870-1879,25,0.00739,0.00736,0.51,66959,493,66716,2877317,42.97,Female,France,0.66959,-0.4010896942075169,0.9647436821024119,0.007178565465309939
1870-1879,30,0.00736,0.00734,0.51,64547,474,64313,2548584,39.48,Female,France,0.64547,-0.4377765453757739,0.9639779566600457,0.007337370233651397
1870-1879,35,0.00746,0.00743,0.50,62224,463,61995,2231664,35.87,Female,France,0.62224,-0.4744294085746999,0.9640107208700637,0.0073305726397852045
1870-1879,40,0.00823,0.00819,0.49,59901,491,59652,1926288,32.16,Female,France,0.59901,-0.5124769865152211,0.9626671380817691,0.007609515588104243
1870-1879,45,0.00876,0.00872,0.50,57437,501,57188,1632924,28.43,Female,France,0.57437,-0.5544814910243299,0.9588654613445519,0.00840090090182175
1870-1879,50,0.01042,0.01036,0.50,54803,568,54521,1352191,24.67,Female,France,0.54803,-0.6014252490070009,0.9541410588993158,0.009388751596534206
1870-1879,55,0.01345,0.01336,0.51,51766,691,51425,1085519,20.97,Female,France,0.51766,-0.6584366228845501,0.9445833257303432,0.011402274775509836
1870-1879,60,0.01863,0.01846,0.51,48002,886,47564,835724,17.41,Female,France,0.48002,-0.7339275092815652,0.9272881814318279,0.015098177279403036
1870-1879,65,0.02830,0.02792,0.51,42992,1200,42403,607582,14.13,Female,France,0.42992,-0.8441561341149559,0.8956293487771343,0.022045724966678136
1870-1879,70,0.04153,0.04070,0.51,36405,1482,35677,408411,11.22,Female,France,0.36405,-1.010464058141417,0.8467854484555266,0.03326158480529222
1870-1879,75,0.06140,0.05962,0.51,28502,1699,27676,245557,8.62,Female,France,0.28502,-1.255195925737071,0.7829144348303805,0.0489463735191308
1870-1879,80,0.09972,0.09509,0.51,19503,1855,18599,124988,6.41,Female,France,0.19503,-1.63460188609765,0.6842677706827591,0.07588119207211577
1870-1879,85,0.15774,0.14646,0.51,10654,1560,9892,49949,4.69,Female,France,0.10654,-2.239234777493284,0.546274932061734,0.12092657827912685
1870-1879,90,0.24045,0.21498,0.51,4144,891,3705,14236,3.44,Female,France,0.04144,-3.1835086810309097,0.38896189224704336,0.1888547807075251
1870-1879,95,0.34546,0.29494,0.50,1009,298,862,2596,2.57,Female,France,0.01009,-4.596210444616619,0.24348455598455598,0.2825403527171419
1870-1879,100,0.48705,0.39046,0.49,140,55,112,273,1.95,Female,France,0.0014,-6.571283042360924,0.13875123885034688,0.3950145195488609
1870-1879,105,0.65756,0.49471,0.50,10,5,7,17,1.73,Female,France,1e-4,-9.210340371976182,0.07142857142857142,0.5278114659230516
1880-1889,0,0.16577,0.14885,0.31,100000,14885,89791,4987515,49.88,Female,France,1,0,1,0
1880-1889,5,0.00959,0.00955,0.50,76798,733,76433,4578531,59.62,Female,France,0.76798,-0.26399158784022164,0.76798,0.05279831756804433
1880-1889,10,0.00317,0.00317,0.51,74669,236,74554,4201075,56.26,Female,France,0.74669,-0.2921051732894323,0.9722779239042684,0.005622717089842133
1880-1889,15,0.00452,0.00451,0.51,73369,331,73206,3830813,52.21,Female,France,0.73369,-0.3096686829039336,0.9825898297821051,0.003512701922900263
1880-1889,20,0.00611,0.00610,0.50,71481,436,71266,3468470,48.52,Female,France,0.71481,-0.3357385058674699,0.9742670610203219,0.0052139645927072546
1880-1889,25,0.00652,0.00650,0.51,69251,450,69028,3116577,45.00,Female,France,0.69251,-0.3674326005916926,0.9688028986723745,0.006338818944844537
1880-1889,30,0.00742,0.00740,0.49,66990,495,66739,2775897,41.44,Female,France,0.6699,-0.4006268314679151,0.9673506519761448,0.006638846175244506
1880-1889,35,0.00721,0.00718,0.50,64568,464,64335,2447076,37.90,Female,France,0.64568,-0.43745125396602014,0.9638453500522466,0.007364884499621005
1880-1889,40,0.00665,0.00663,0.50,62371,413,62165,2129857,34.15,Female,France,0.62371,-0.47206976222922625,0.9659738570189568,0.006923701652641223
1880-1889,45,0.00752,0.00749,0.50,60261,451,60037,1823205,30.26,Female,France,0.60261,-0.5064850576675706,0.9661701752416989,0.006883059087668864
1880-1889,50,0.00957,0.00952,0.51,57836,551,57563,1527767,26.42,Female,France,0.57836,-0.5475587668222115,0.9597583843613614,0.008214741830928185
1880-1889,55,0.01256,0.01248,0.50,54867,685,54528,1245748,22.70,Female,France,0.54867,-0.600258111097543,0.9486651912303755,0.010539868855066303
1880-1889,60,0.01575,0.01563,0.50,51236,801,50839,980239,19.13,Female,France,0.51236,-0.6687277760192016,0.9338217872309402,0.013693932984331724
1880-1889,65,0.02077,0.02056,0.51,46930,965,46454,734455,15.65,Female,France,0.4693,-0.7565130561817651,0.9159575298618159,0.017557056032512695
1880-1889,70,0.03217,0.03167,0.51,41462,1313,40815,512762,12.37,Female,France,0.41462,-0.8803928408771707,0.8834860430428297,0.024775956939081124
1880-1889,75,0.05153,0.05025,0.51,34165,1717,33320,322861,9.45,Female,France,0.34165,-1.0739684577553497,0.8240075249626164,0.038715123375635783
1880-1889,80,0.08534,0.08190,0.51,24935,2042,23931,174373,6.99,Female,France,0.24935,-1.3888977469900055,0.7298404800234157,0.06298585784693116
1880-1889,85,0.13780,0.12903,0.51,14766,1905,13826,75173,5.09,Female,France,0.14766,-1.9128429453511175,0.5921796671345498,0.10478903967222242
1880-1889,90,0.21541,0.19463,0.50,6361,1238,5747,23564,3.70,Female,France,0.06361,-2.7549845882914243,0.43078694297710957,0.16842832858806137
1880-1889,95,0.31856,0.27497,0.50,1753,482,1513,4815,2.75,Female,France,0.01753,-4.043841580048994,0.27558559974846725,0.25777139835151397
1880-1889,100,0.46764,0.37769,0.49,281,106,227,582,2.07,Female,France,0.00281,-5.874570795636482,0.16029663434112948,0.36614584311749765
1880-1889,105,0.54397,0.42618,0.49,22,10,18,39,1.73,Female,France,2.2e-4,-8.421883011611913,0.07829181494661921,0.509462443195086
1890-1899,0,0.16491,0.14815,0.31,100000,14815,89838,5344242,53.44,Female,France,1,0,1,0
1890-1899,5,0.00632,0.00630,0.50,78761,496,78515,4930709,62.60,Female,France,0.78761,-0.23875223549736393,0.78761,0.047750447099472786
1890-1899,10,0.00288,0.00287,0.51,77012,221,76903,4541871,58.98,Female,France,0.77012,-0.26120893212100227,0.9777935780398929,0.004491339324727667
1890-1899,15,0.00402,0.00401,0.51,75846,304,75698,4159600,54.84,Female,France,0.75846,-0.27646521724661577,0.984859502415208,0.0030512570251227
1890-1899,20,0.00614,0.00612,0.50,74061,453,73834,3784529,51.10,Female,France,0.74061,-0.3002811080282961,0.9764654695039949,0.004763178156336067
1890-1899,25,0.00676,0.00674,0.50,71703,483,71459,3420039,47.70,Female,France,0.71703,-0.3326375982536431,0.9681613804836554,0.006471298045069396
1890-1899,30,0.00558,0.00556,0.50,69412,386,69220,3067462,44.19,Female,France,0.69412,-0.3651104227598341,0.9680487566768475,0.006494564901238198
1890-1899,35,0.00523,0.00521,0.51,67582,352,67409,2725036,40.32,Female,France,0.67582,-0.39182851058525575,0.9736356825909065,0.005343617565084335
1890-1899,40,0.00553,0.00552,0.50,65823,363,65643,2391492,36.33,Female,France,0.65823,-0.41820086466016887,0.97397235950401,0.005274470814982624
1890-1899,45,0.00703,0.00700,0.50,63901,447,63679,2067034,32.35,Female,France,0.63901,-0.4478351752747845,0.9708004800753536,0.005926862122923126
1890-1899,50,0.00780,0.00777,0.50,61602,479,61364,1753197,28.46,Female,France,0.61602,-0.4844758484432086,0.96402247226178,0.007328134633684824
1890-1899,55,0.00872,0.00868,0.50,59159,513,58904,1451212,24.53,Female,France,0.59159,-0.5249414516014044,0.9603421966819259,0.00809312063163915
1890-1899,60,0.01187,0.01180,0.50,56323,665,55993,1162211,20.63,Female,France,0.56323,-0.5740672085114885,0.9520613938707551,0.009825151382016829
1890-1899,65,0.01688,0.01674,0.51,52636,881,52201,889391,16.90,Female,France,0.52636,-0.6417698897001971,0.9345382880883476,0.013540536237741718
1890-1899,70,0.02649,0.02615,0.51,47611,1245,46995,638083,13.40,Female,France,0.47611,-0.7421063590114865,0.904533019226385,0.020067293862257873
1890-1899,75,0.04337,0.04246,0.51,40458,1718,39609,416919,10.31,Female,France,0.40458,-0.9049057870075915,0.8497616097120413,0.032559885599221
1890-1899,80,0.07157,0.06913,0.51,30865,2134,29812,237614,7.70,Female,France,0.30865,-1.1755473301422321,0.7628899105244945,0.05412830862692812
1890-1899,85,0.11901,0.11240,0.51,19719,2216,18624,110716,5.61,Female,France,0.19719,-1.6235875480385424,0.6388789891462822,0.08960804357926207
1890-1899,90,0.19058,0.17413,0.50,9483,1651,8665,38683,4.08,Female,France,0.09483,-2.355669464086501,0.48090673969268216,0.14641638320959172
1890-1899,95,0.28316,0.24824,0.50,3056,759,2680,9140,2.99,Female,France,0.03056,-3.488063314683817,0.3222608879046715,0.2264787701194632
1890-1899,100,0.41371,0.34284,0.50,583,200,483,1263,2.17,Female,France,0.00583,-5.144738278619736,0.19077225130890052,0.33133499278718387
1890-1899,105,0.55901,0.43589,0.49,51,22,39,84,1.65,Female,France,5.1e-4,-7.5810998322459024,0.08747855917667238,0.4872723107252332
1900-1909,0,0.14041,0.12807,0.31,100000,12807,91216,5858246,58.58,Female,France,1,0,1,0
1900-1909,5,0.00484,0.00483,0.51,82304,397,82108,5431244,65.99,Female,France,0.82304,-0.19475047681299187,0.82304,0.03895009536259837
1900-1909,10,0.00279,0.00278,0.50,80853,225,80741,5023755,62.13,Female,France,0.80853,-0.21253749490198545,0.9823702371695179,0.0035574036177987156
1900-1909,15,0.00433,0.00432,0.51,79597,344,79429,4622412,58.07,Female,France,0.79597,-0.22819378229019233,0.9844656351650526,0.003131257477641375
1900-1909,20,0.00544,0.00542,0.50,77659,421,77450,4229096,54.46,Female,France,0.77659,-0.2528427384092466,0.9756523487066096,0.004929791223810853
1900-1909,25,0.00506,0.00505,0.50,75596,382,75406,3846002,50.88,Female,France,0.75596,-0.27976681425530037,0.9734351459586139,0.005384815169210755
1900-1909,30,0.00429,0.00428,0.50,73859,316,73702,3472512,47.02,Female,France,0.73859,-0.30301231578340926,0.9770225937880311,0.0046491003056217785
1900-1909,35,0.00490,0.00488,0.51,72279,353,72105,3107098,42.99,Female,France,0.72279,-0.32463655544554676,0.9786078880028162,0.0043248479324275
1900-1909,40,0.00482,0.00481,0.50,70525,339,70355,2750123,38.99,Female,France,0.70525,-0.3492029291000313,0.9757329238091285,0.00491327473089691
1900-1909,45,0.00417,0.00416,0.50,68946,287,68803,2401549,34.83,Female,France,0.68946,-0.37184659648453977,0.9776107763204538,0.004528733476901692
1900-1909,50,0.00552,0.00551,0.50,67359,371,67174,2060627,30.59,Female,France,0.67359,-0.3951336617699179,0.9769819859020102,0.004657413057075621
1900-1909,55,0.00690,0.00688,0.50,65369,450,65144,1728654,26.44,Female,France,0.65369,-0.4251220460175582,0.9704568060689737,0.005997676849528066
1900-1909,60,0.00963,0.00958,0.50,62868,602,62566,1407758,22.39,Female,France,0.62868,-0.46413289577400835,0.9617402744420138,0.007802169951290028
1900-1909,65,0.01406,0.01396,0.50,59441,830,59029,1101540,18.53,Female,France,0.59441,-0.5201859620323519,0.9454889609976459,0.011210613251668711
1900-1909,70,0.02123,0.02101,0.50,54684,1149,54115,815587,14.91,Female,France,0.54684,-0.6035990239183455,0.9199710637438805,0.016682612377198723
1900-1909,75,0.03413,0.03356,0.50,48080,1614,47280,557747,11.60,Female,France,0.4808,-0.7323038957611392,0.8792334137956258,0.025740974368558732
1900-1909,80,0.05753,0.05594,0.51,38901,2176,37824,339140,8.72,Female,France,0.38901,-0.9441502287532344,0.8090890183028286,0.04236926659841904
1900-1909,85,0.09477,0.09052,0.50,27243,2466,26022,173040,6.35,Female,France,0.27243,-1.3003735786122903,0.7003161872445438,0.07124466997181118
1900-1909,90,0.15954,0.14786,0.51,15089,2231,13985,67421,4.47,Female,France,0.15089,-1.891204184456577,0.5538670484161069,0.11816612116885734
1900-1909,95,0.26559,0.23468,0.50,5569,1307,4920,17496,3.14,Female,France,0.05569,-2.8879546813805597,0.3690768109218636,0.19935009938479653
1900-1909,100,0.38429,0.32253,0.50,1156,373,970,2674,2.31,Female,France,0.01156,-4.4602044157379055,0.20757766205782008,0.31444994687146915
1900-1909,105,0.49970,0.39817,0.49,119,47,94,222,1.87,Female,France,0.00119,-6.733801971858699,0.10294117647058823,0.4547195112241587
1910-1919,0,0.12653,0.11643,0.31,100000,11643,92014,6255939,62.56,Female,France,1,0,1,0
1910-1919,5,0.00461,0.00459,0.50,83666,384,83473,5823133,69.60,Female,France,0.83666,-0.17833750368365295,0.83666,0.03566750073673059
1910-1919,10,0.00184,0.00183,0.50,82354,151,82278,5408621,65.68,Female,France,0.82354,-0.1941431573807526,0.9843186001482084,0.003161130739419932
1910-1919,15,0.00315,0.00314,0.51,81502,256,81377,4998812,61.33,Female,France,0.81502,-0.20454262616507163,0.989654418728902,0.0020798937568638045
1910-1919,20,0.00410,0.00409,0.51,80031,328,79869,4594804,57.41,Female,France,0.80031,-0.22275612637294526,0.9819513631567324,0.003642700041574726
1910-1919,25,0.00573,0.00571,0.50,78299,447,78076,4198780,53.63,Female,France,0.78299,-0.24463535446497064,0.9783583861253764,0.004375845618405078
1910-1919,30,0.00474,0.00472,0.50,76236,360,76055,3812605,50.01,Female,France,0.76236,-0.2713363939156948,0.9736522816383351,0.0053402078901448324
1910-1919,35,0.00256,0.00255,0.50,74730,191,74634,3435509,45.97,Female,France,0.7473,-0.29128856804589265,0.9802455532819141,0.0039904348260395685
1910-1919,40,0.00259,0.00258,0.50,73820,191,73725,3064153,41.51,Female,France,0.7382,-0.3035404883862389,0.9878228288505285,0.002450384068069256
1910-1919,45,0.00315,0.00314,0.50,72810,229,72695,2697507,37.05,Female,France,0.7281,-0.3173168775814717,0.9863180709834733,0.002755277839046555
1910-1919,50,0.00445,0.00444,0.50,71506,318,71348,2336560,32.68,Female,France,0.71506,-0.33538882372497086,0.9820903722016207,0.0036143892286998325
1910-1919,55,0.00594,0.00592,0.50,69728,413,69522,1983281,28.44,Female,France,0.69728,-0.360568227225882,0.9751349537101782,0.005035880700182227
1910-1919,60,0.00796,0.00793,0.50,67409,534,67142,1640202,24.33,Female,France,0.67409,-0.39439164582705144,0.9667421982560808,0.006764683720233889
1910-1919,65,0.01104,0.01098,0.50,64424,707,64070,1310295,20.34,Female,France,0.64424,-0.4396839514948475,0.9557180791882389,0.009058461133559214
1910-1919,70,0.01622,0.01609,0.51,60440,972,59958,997629,16.51,Female,France,0.6044,-0.5035190485835525,0.9381596920402334,0.012767019417740989
1910-1919,75,0.02576,0.02544,0.50,54793,1394,54102,708736,12.93,Female,France,0.54793,-0.6016077374194931,0.9065684976836532,0.019617737767188136
1910-1919,80,0.04360,0.04268,0.51,46756,1995,45770,453661,9.70,Female,France,0.46756,-0.7602275962425675,0.8533206796488603,0.031723971764614875
1910-1919,85,0.07952,0.07652,0.51,35361,2706,34026,246834,6.98,Female,France,0.35361,-1.0395606680755494,0.7562879630421764,0.055866614366596366
1910-1919,90,0.13875,0.12985,0.51,21345,2772,19975,104611,4.90,Female,France,0.21345,-1.5443526657781659,0.6036311190294392,0.1009583995405233
1910-1919,95,0.23074,0.20708,0.50,8974,1858,8054,30460,3.39,Female,France,0.08974,-2.4108386784343,0.4204263293511361,0.1732972025312268
1910-1919,100,0.37117,0.31318,0.50,2157,676,1820,5098,2.36,Female,France,0.02157,-3.836451818581072,0.2403610430131491,0.28512262802935445
1910-1919,105,0.47967,0.38541,0.49,228,88,183,439,1.93,Female,France,0.00228,-6.0835798360157876,0.10570236439499305,0.4494256034869431
1920-1925,0,0.09414,0.08843,0.31,100000,8843,93934,6888215,68.88,Female,France,1,0,1,0
1920-1925,5,0.00302,0.00301,0.51,87988,265,87857,6438285,73.17,Female,France,0.87988,-0.1279697444446145,0.87988,0.025593948888922902
1920-1925,10,0.00150,0.00149,0.51,87029,130,86964,6001034,68.95,Female,France,0.87029,-0.13892878954338728,0.9891007864708824,0.0021918090197545538
1920-1925,15,0.00201,0.00200,0.51,86367,173,86282,5567483,64.46,Female,France,0.86367,-0.14656452758188335,0.9923933401509841,0.001527147607699214
1920-1925,20,0.00549,0.00547,0.52,85082,466,84857,5138305,60.39,Female,France,0.85082,-0.1615546886450878,0.9851216321048548,0.0029980322126408887
1920-1925,25,0.00236,0.00235,0.48,82886,195,82785,4718775,56.93,Female,France,0.82886,-0.18770401627483085,0.9741896053219248,0.005229865525948613
1920-1925,30,0.00149,0.00149,0.50,82128,123,82067,4306405,52.44,Female,France,0.82128,-0.196891180170144,0.9908549091523297,0.001837432779062631
1920-1925,35,0.00156,0.00156,0.50,81534,127,81470,3897261,47.80,Female,France,0.81534,-0.20415007482167602,0.9927673874926943,0.0014517789303064021
1920-1925,40,0.00194,0.00194,0.50,80854,157,80776,3491243,43.18,Female,France,0.80854,-0.2125251268536014,0.991659921014546,0.0016750104063850747
1920-1925,45,0.00284,0.00283,0.50,79940,227,79828,3089132,38.64,Female,France,0.7994,-0.2238938327049139,0.9886956736834294,0.0022737411702625
1920-1925,50,0.00392,0.00391,0.50,78634,308,78480,2692510,34.24,Female,France,0.78634,-0.24036601010979558,0.9836627470602952,0.003294435480976338
1920-1925,55,0.00516,0.00514,0.50,76923,396,76725,2303445,29.94,Female,France,0.76923,-0.2623652644679911,0.9782409644682961,0.0043998508716391
1920-1925,60,0.00667,0.00665,0.50,74775,497,74526,1923992,25.73,Female,France,0.74775,-0.2906865814720796,0.9720759720759721,0.005664263400817704
1920-1925,65,0.00889,0.00885,0.50,72026,638,71707,1556707,21.61,Female,France,0.72026,-0.32814302104585,0.9632363757940489,0.007491287914754086
1920-1925,70,0.01292,0.01284,0.50,68409,878,67972,1205153,17.62,Female,France,0.68409,-0.3796657910679686,0.949782023158304,0.010304554004423715
1920-1925,75,0.02101,0.02079,0.51,63195,1314,62545,875236,13.85,Female,France,0.63195,-0.4589450018890018,0.9237819585142306,0.015855842164206636
1920-1925,80,0.03676,0.03610,0.50,55345,1998,54355,577551,10.44,Female,France,0.55345,-0.5915838651505041,0.8757813118126434,0.02652777265230046
1920-1925,85,0.06538,0.06333,0.51,43803,2774,42430,328097,7.49,Female,France,0.43803,-0.8254678778005548,0.7914536091787876,0.04677680253001013
1920-1925,90,0.12327,0.11618,0.51,28542,3316,26902,145853,5.11,Female,France,0.28542,-1.2537934993098918,0.6515992055338675,0.08566512430186742
1920-1925,95,0.22524,0.20258,0.50,12759,2585,11476,43677,3.42,Female,France,0.12759,-2.058933281048485,0.44702543619928525,0.16102795634771866
1920-1925,100,0.37040,0.31271,0.50,3107,972,2623,7336,2.36,Female,France,0.03107,-3.471512555577181,0.2435143820048593,0.28251585490573916
1920-1925,105,0.48059,0.38608,0.49,326,126,262,628,1.92,Female,France,0.00326,-5.726028083603521,0.10492436433859029,0.45090310560526803
