Year,Age,mx,qx,ax,lx,dx,Lx,Tx,ex,Sex,Country,Prob,logProb,CP,Haz
1816-1819,0,0.22586,0.19499,0.30,100000,19499,86333,3743468,37.43,Male,France,1,0,1,0
1816-1819,5,0.01655,0.01641,0.50,69114,1134,68547,3363682,48.67,Male,France,0.69114,-0.36941287081566704,0.69114,0.0738825741631334
1816-1819,10,0.00660,0.00658,0.50,64995,428,64780,3029896,46.62,Male,France,0.64995,-0.4308598421281089,0.9404028127441618,0.012289394262488373
1816-1819,15,0.00534,0.00533,0.51,63306,337,63140,2709447,42.80,Male,France,0.63306,-0.4571900746000813,0.9740133856450496,0.005266046494394483
1816-1819,20,0.01050,0.01045,0.51,61183,639,60867,2397745,39.19,Male,France,0.61183,-0.49130081283498167,0.9664644741414716,0.00682214764698007
1816-1819,25,0.01205,0.01198,0.49,57171,685,56821,2101359,36.76,Male,France,0.57171,-0.5591234091737427,0.9344262295081968,0.013564519267752206
1816-1819,30,0.01023,0.01018,0.50,54319,553,54041,1823006,33.56,Male,France,0.54319,-0.6102961123327323,0.9501145685749768,0.010234540631797916
1816-1819,35,0.01026,0.01021,0.51,51746,528,51485,1558034,30.11,Male,France,0.51746,-0.6588230515159914,0.9526316758408659,0.009705387836651824
1816-1819,40,0.01064,0.01058,0.50,49107,520,48849,1305956,26.59,Male,France,0.49107,-0.7111685951577641,0.9490008889576006,0.010469108728354538
1816-1819,45,0.01264,0.01256,0.51,46415,583,46129,1067055,22.99,Male,France,0.46415,-0.7675475031361955,0.9451809314354369,0.011275781595686273
1816-1819,50,0.01869,0.01852,0.51,43053,797,42662,842935,19.58,Male,France,0.43053,-0.8427382711311868,0.9275665194441453,0.015038153598998271
1816-1819,55,0.02244,0.02219,0.50,38539,855,38108,638626,16.57,Male,France,0.38539,-0.9534994704064833,0.8951524864701647,0.0221522398550593
1816-1819,60,0.03063,0.03017,0.51,34095,1029,33586,456716,13.40,Male,France,0.34095,-1.0760194400154752,0.8846882378888917,0.024503993921798382
1816-1819,65,0.04343,0.04252,0.51,28543,1214,27944,299714,10.50,Male,France,0.28543,-1.2537584638364714,0.83716087402845,0.035547804764199234
1816-1819,70,0.06931,0.06703,0.51,22048,1478,21322,172720,7.83,Male,France,0.22048,-1.5119482911568434,0.7724485863434117,0.0516379654640744
1816-1819,75,0.12057,0.11381,0.51,14072,1602,13283,81929,5.82,Male,France,0.14072,-1.9609831785528342,0.638243831640058,0.08980697747919816
1816-1819,80,0.18342,0.16836,0.51,7122,1199,6537,29953,4.21,Male,France,0.07122,-2.6419816011325055,0.5061114269471291,0.13619968451593426
1816-1819,85,0.27758,0.24397,0.50,2391,583,2101,7288,3.05,Male,France,0.02391,-3.733458497511904,0.33572030328559394,0.21829537927587966
1816-1819,90,0.38762,0.32476,0.50,461,150,386,1074,2.33,Male,France,0.00461,-5.37952742197358,0.19280635717273106,0.3292137848923352
1816-1819,95,0.53540,0.42254,0.50,50,21,39,90,1.81,Male,France,5e-4,-7.600902459542082,0.10845986984815618,0.4442750075137004
1816-1819,100,0.60719,0.45871,0.47,3,1,2,4,1.44,Male,France,3e-5,-10.41431317630212,0.06,0.5626821433520075
1816-1819,105,.,.,.,0,0,0,0,.,Male,France,0,-Inf,0,Inf
1820-1829,0,0.22895,0.19729,0.30,100000,19729,86172,3752855,37.53,Male,France,1,0,1,0
1820-1829,5,0.01678,0.01664,0.50,68949,1147,68373,3373807,48.93,Male,France,0.68949,-0.37180308511718807,0.68949,0.07436061702343762
1820-1829,10,0.00634,0.00632,0.50,65014,411,64810,3040560,46.77,Male,France,0.65014,-0.43056755466900576,0.9429288314551335,0.011752893910363538
1820-1829,15,0.00488,0.00487,0.51,63327,308,63175,2719987,42.95,Male,France,0.63327,-0.4568584074960483,0.974051742701572,0.005258170565408504
1820-1829,20,0.01150,0.01144,0.50,61196,700,60843,2407960,39.35,Male,France,0.61196,-0.4910883580829589,0.9663492665055979,0.006845990117382128
1820-1829,25,0.01240,0.01233,0.51,57558,710,57208,2111075,36.68,Male,France,0.57558,-0.5523770509242258,0.9405516700437937,0.012257738568253384
1820-1829,30,0.00924,0.00920,0.50,54475,501,54223,1831487,33.62,Male,France,0.54475,-0.6074283051574079,0.9464366378261927,0.011010250846636404
1820-1829,35,0.00892,0.00888,0.50,52007,462,51777,1565338,30.10,Male,France,0.52007,-0.6537918610818864,0.9546948141349243,0.009272711184895699
1820-1829,40,0.01101,0.01095,0.51,49607,543,49340,1311171,26.43,Male,France,0.49607,-0.7010382331827165,0.9538523660276501,0.009449274420166031
1820-1829,45,0.01504,0.01493,0.51,46438,693,46095,1070671,23.06,Male,France,0.46438,-0.7670520964079174,0.9361178865885863,0.013202772645040172
1820-1829,50,0.01813,0.01797,0.50,42853,770,42470,847278,19.77,Male,France,0.42853,-0.8473945317263936,0.9228002928636031,0.016068487063695236
1820-1829,55,0.02177,0.02154,0.51,38922,838,38507,642681,16.51,Male,France,0.38922,-0.943610542529118,0.9082677992205913,0.01924320216054489
1820-1829,60,0.03064,0.03018,0.51,34426,1039,33913,458932,13.33,Male,France,0.34426,-1.0663580931387773,0.8844869225630748,0.02454951012193185
1820-1829,65,0.04581,0.04480,0.51,28633,1283,28001,300711,10.50,Male,France,0.28633,-1.2506102871772926,0.8317260210306164,0.03685043880770307
1820-1829,70,0.07257,0.07007,0.51,21868,1532,21114,174034,7.96,Male,France,0.21868,-1.5201458049553385,0.7637341529004994,0.05390710355560917
1820-1829,75,0.11263,0.10671,0.51,14249,1521,13500,83695,5.87,Male,France,0.14249,-1.9484834571744396,0.6515913663800987,0.08566753044382022
1820-1829,80,0.18349,0.16820,0.50,7198,1211,6598,30540,4.24,Male,France,0.07198,-2.631366976331252,0.5051582567197698,0.1365767038313625
1820-1829,85,0.27482,0.24184,0.50,2454,594,2160,7585,3.09,Male,France,0.02454,-3.7074508396993715,0.34092803556543483,0.21521677267362388
1820-1829,90,0.39402,0.32907,0.50,489,161,408,1149,2.35,Male,France,0.00489,-5.320562975495356,0.19926650366748166,0.322622427159197
1820-1829,95,0.52332,0.41370,0.49,55,23,43,101,1.86,Male,France,5.5e-4,-7.5055922797377574,0.11247443762781185,0.43700586084848025
1820-1829,100,0.91798,0.60625,0.44,3,2,2,4,1.13,Male,France,3e-5,-10.41431317630212,0.05454545454545454,0.5817441793128724
1820-1829,105,.,.,.,0,0,0,0,.,Male,France,0,-Inf,0,Inf
1830-1839,0,0.21286,0.18522,0.30,100000,18522,87018,3873085,38.73,Male,France,1,0,1,0
1830-1839,5,0.01415,0.01405,0.50,70455,990,69958,3487889,49.51,Male,France,0.70455,-0.35019597784102324,0.70455,0.07003919556820465
1830-1839,10,0.00571,0.00570,0.50,67105,382,66914,3145388,46.87,Male,France,0.67105,-0.39891162913832207,0.9524519196650344,0.009743130259459765
1830-1839,15,0.00515,0.00514,0.51,65447,336,65281,2814169,43.00,Male,France,0.65447,-0.4239295311991324,0.9752924521272632,0.005003580412162067
1830-1839,20,0.01194,0.01187,0.50,63173,750,62798,2491872,39.45,Male,France,0.63173,-0.45929319130756135,0.9652543279294696,0.00707273202168579
1830-1839,25,0.01062,0.01056,0.49,59063,624,58744,2186216,37.01,Male,France,0.59063,-0.5265655151614973,0.9349405600493882,0.013454464770787189
1830-1839,30,0.00855,0.00851,0.50,56521,481,56283,1897653,33.57,Male,France,0.56521,-0.5705579354761936,0.9569612109103838,0.00879848406293926
1830-1839,35,0.01108,0.01102,0.50,53728,592,53434,1621732,30.18,Male,France,0.53728,-0.6212359050929611,0.95058473841581,0.010135593923353503
1830-1839,40,0.01244,0.01236,0.50,50725,627,50413,1360517,26.82,Male,France,0.50725,-0.678751300276213,0.944107355568791,0.011503079036650377
1830-1839,45,0.01326,0.01318,0.51,47666,628,47356,1114537,23.38,Male,France,0.47666,-0.7409518305080851,0.939694430754066,0.012440106046374421
1830-1839,50,0.01663,0.01650,0.51,44374,732,44012,884229,19.93,Male,France,0.44374,-0.8125164736577007,0.9309360970083498,0.014312928629923127
1830-1839,55,0.02088,0.02067,0.51,40490,837,40077,671834,16.59,Male,France,0.4049,-0.9041151559440217,0.9124712669581286,0.01831973645726419
1830-1839,60,0.03165,0.03117,0.51,35952,1121,35399,480271,13.36,Male,France,0.35952,-1.022985470545118,0.8879229439367745,0.023774062920219264
1830-1839,65,0.04536,0.04436,0.51,30047,1333,29389,314863,10.48,Male,France,0.30047,-1.2024073636012302,0.8357532265242545,0.03588437861122244
1830-1839,70,0.07330,0.07072,0.50,22887,1619,22082,181960,7.95,Male,France,0.22887,-1.4746011222118895,0.7617066595666788,0.05443875172213186
1830-1839,75,0.11393,0.10785,0.50,14835,1600,14043,87591,5.90,Male,France,0.14835,-1.9081809322453063,0.6481845589199109,0.08671596200668334
1830-1839,80,0.17624,0.16203,0.50,7466,1210,6864,32494,4.35,Male,France,0.07466,-2.5948108054956993,0.5032692955847657,0.13732597465007862
1830-1839,85,0.26136,0.23125,0.50,2635,609,2332,8393,3.18,Male,France,0.02635,-3.6362870039947657,0.35293329761585857,0.20829523969981328
1830-1839,90,0.38155,0.32016,0.50,561,180,471,1326,2.36,Male,France,0.00561,-5.183204559447532,0.2129032258064516,0.30938351109055323
1830-1839,95,0.51431,0.40953,0.50,63,26,50,113,1.81,Male,France,6.3e-4,-7.369790738578696,0.11229946524064172,0.43731723582623283
1830-1839,100,1.01813,0.65953,0.47,3,2,2,3,1.04,Male,France,3e-5,-10.41431317630212,0.047619047619047616,0.6089044875446847
1830-1839,105,.,.,.,0,0,0,0,.,Male,France,0,-Inf,0,Inf
1840-1849,0,0.19049,0.16805,0.30,100000,16805,88221,3973920,39.74,Male,France,1,0,1,0
1840-1849,5,0.01380,0.01371,0.50,72658,996,72160,3579414,49.26,Male,France,0.72658,-0.3194066850349194,0.72658,0.06388133700698388
1840-1849,10,0.00589,0.00587,0.50,69223,406,69020,3226070,46.60,Male,France,0.69223,-0.3678370086449243,0.9527237193426739,0.009686064722000976
1840-1849,15,0.00532,0.00530,0.51,67366,357,67190,2884732,42.82,Male,France,0.67366,-0.39502974638663635,0.9731736561547463,0.00543854754834241
1840-1849,20,0.00925,0.00921,0.51,65193,600,64896,2552906,39.16,Male,France,0.65193,-0.42781808478238237,0.9677433720274322,0.0065576676791492036
1840-1849,25,0.01302,0.01294,0.50,61122,791,60725,2236402,36.59,Male,France,0.61122,-0.4922983191521071,0.9375546454373935,0.012896046873944944
1840-1849,30,0.01046,0.01041,0.50,57752,601,57449,1939687,33.59,Male,France,0.57752,-0.5490122051512314,0.944864369621413,0.01134277719982486
1840-1849,35,0.00999,0.00994,0.50,54983,546,54711,1657999,30.15,Male,France,0.54983,-0.5981461394431519,0.9520536085330378,0.009826786858384095
1840-1849,40,0.01190,0.01183,0.50,52172,617,51866,1389991,26.64,Male,France,0.52172,-0.6506242334800548,0.9488751068512086,0.010495618807380591
1840-1849,45,0.01382,0.01372,0.51,48949,672,48617,1137060,23.23,Male,France,0.48949,-0.7143912462294402,0.9382235681975005,0.012753402549877068
1840-1849,50,0.01704,0.01690,0.51,45500,769,45121,900796,19.80,Male,France,0.455,-0.7874578600311866,0.9295389078428569,0.014613322760349278
1840-1849,55,0.02169,0.02146,0.50,41467,890,41027,683132,16.47,Male,France,0.41467,-0.8802722557982223,0.9113626373626373,0.018562879153407152
1840-1849,60,0.03305,0.03252,0.50,36503,1187,35910,487656,13.36,Male,France,0.36503,-1.007775736996383,0.880290351363735,0.025500696239632116
1840-1849,65,0.04744,0.04635,0.50,30277,1403,29581,320256,10.58,Male,France,0.30277,-1.1947818376243506,0.829438676273183,0.03740122012559355
1840-1849,70,0.07117,0.06874,0.50,22919,1575,22136,186859,8.15,Male,France,0.22919,-1.4732039251108215,0.7569772434521254,0.05568441749729418
1840-1849,75,0.10846,0.10293,0.50,15026,1547,14259,91927,6.12,Male,France,0.15026,-1.8953881520411224,0.6556132466512501,0.08443684538606018
1840-1849,80,0.16740,0.15456,0.50,7878,1218,7274,35202,4.47,Male,France,0.07878,-2.5410961214393772,0.5242912285372022,0.12914159387965096
1840-1849,85,0.25506,0.22659,0.51,2869,650,2549,9428,3.29,Male,France,0.02869,-3.5512066489888636,0.3641787255648642,0.20202210550989727
1840-1849,90,0.37028,0.31316,0.51,654,205,553,1585,2.42,Male,France,0.00654,-5.02981811351303,0.22795399093760893,0.2957222929048332
1840-1849,95,0.49975,0.40077,0.51,76,31,61,145,1.91,Male,France,7.6e-4,-7.182192124683898,0.1162079510703364,0.43047480223417356
1840-1849,100,0.82879,0.56816,0.45,5,3,3,7,1.32,Male,France,5e-5,-9.903487552536127,0.06578947368421052,0.5442590855704459
1840-1849,105,0.59868,0.45816,0.49,0,0,0,0,1.45,Male,France,0,-Inf,0,Inf
1850-1859,0,0.20995,0.18302,0.30,100000,18302,87172,3962316,39.62,Male,France,1,0,1,0
1850-1859,5,0.01343,0.01334,0.50,70813,945,70339,3575655,50.49,Male,France,0.70813,-0.3451275863245295,0.70813,0.0690255172649059
1850-1859,10,0.00418,0.00417,0.51,67943,284,67803,3230376,47.55,Male,France,0.67943,-0.38650106762175546,0.9594707186533546,0.00827469625944519
1850-1859,15,0.00498,0.00497,0.50,66402,330,66238,2894409,43.59,Male,France,0.66402,-0.409443009477388,0.9773192234667295,0.004588388371126506
1850-1859,20,0.01187,0.01180,0.49,64141,757,63757,2567270,40.03,Male,France,0.64141,-0.4440864009497018,0.9659498207885304,0.006928678294462765
1850-1859,25,0.00964,0.00959,0.50,60707,582,60414,2255494,37.15,Male,France,0.60707,-0.4991111733195639,0.9464617015637424,0.011004954473972418
1850-1859,30,0.00917,0.00913,0.50,58049,530,57783,1958780,33.74,Male,France,0.58049,-0.5438827045214237,0.956215922381274,0.008954306240371968
1850-1859,35,0.01026,0.01021,0.50,55297,564,55016,1675334,30.30,Male,France,0.55297,-0.5924515284792827,0.9525917759134525,0.0097137647915718
1850-1859,40,0.01199,0.01192,0.51,52433,625,52124,1405939,26.81,Male,France,0.52433,-0.6456340218912612,0.9482069551693582,0.01063649868239569
1850-1859,45,0.01378,0.01369,0.51,49294,675,48960,1151576,23.36,Male,France,0.49294,-0.7073678161999173,0.940133122270326,0.012346758861731222
1850-1859,50,0.01771,0.01755,0.50,45750,803,45350,913745,19.97,Male,France,0.4575,-0.781978394266561,0.928104840345681,0.014922115613328745
1850-1859,55,0.02330,0.02303,0.50,41543,957,41067,695213,16.73,Male,France,0.41543,-0.8784411506004068,0.9080437158469945,0.019292551266769164
1850-1859,60,0.03142,0.03093,0.50,36474,1128,35907,499811,13.70,Male,France,0.36474,-1.0085705079934508,0.8779818501311893,0.026025871478608797
1850-1859,65,0.04458,0.04361,0.50,30506,1331,29844,331916,10.88,Male,France,0.30506,-1.18724680041035,0.8363765970280199,0.03573525848337984
1850-1859,70,0.06644,0.06431,0.50,23544,1514,22791,196401,8.34,Male,France,0.23544,-1.4462991750569196,0.7717826001442339,0.05181047492931392
1850-1859,75,0.10533,0.10012,0.51,15757,1578,14978,97910,6.21,Male,France,0.15757,-1.847885475008183,0.6692575603126062,0.08031725999025267
1850-1859,80,0.16057,0.14886,0.51,8435,1256,7820,37962,4.50,Male,France,0.08435,-2.47278046999016,0.5353176366059529,0.12497899899639538
1850-1859,85,0.26100,0.23133,0.51,3118,721,2764,10079,3.23,Male,France,0.03118,-3.4679784153525066,0.36965026674570245,0.19903958907246935
1850-1859,90,0.36164,0.30666,0.50,668,205,567,1692,2.53,Male,France,0.00668,-5.008637291433582,0.21423989737010904,0.30813177521621515
1850-1859,95,0.43817,0.36073,0.51,88,32,72,186,2.13,Male,France,8.8e-4,-7.035588650492022,0.1317365269461078,0.40539027181168785
1850-1859,100,0.88307,0.58211,0.41,8,5,5,11,1.31,Male,France,8e-5,-9.433483923290392,0.09090909090909091,0.47957905455967414
1850-1859,105,0.96000,0.61538,0.42,0,0,0,0,1.15,Male,France,0,-Inf,0,Inf
1860-1869,0,0.21513,0.18694,0.30,100000,18694,86897,4068909,40.69,Male,France,1,0,1,0
1860-1869,5,0.01244,0.01236,0.50,71110,879,70672,3682323,51.78,Male,France,0.7111,-0.34094221209266484,0.7111,0.06818844241853297
1860-1869,10,0.00438,0.00437,0.50,68372,299,68224,3334996,48.78,Male,France,0.68372,-0.38020680189406975,0.9614962733792716,0.00785291796028098
1860-1869,15,0.00431,0.00430,0.51,67017,288,66876,2996586,44.71,Male,France,0.67017,-0.40022386743819494,0.9801819458257767,0.004003413108825038
1860-1869,20,0.00874,0.00871,0.50,65143,567,64861,2665653,40.92,Male,France,0.65143,-0.4285853325489671,0.9720369458495606,0.005672293022154429
1860-1869,25,0.00860,0.00856,0.50,62168,532,61903,2347362,37.76,Male,France,0.62168,-0.4753297880811503,0.9543312405016655,0.00934889110643664
1860-1869,30,0.00827,0.00824,0.50,59743,492,59498,2042756,34.19,Male,France,0.59743,-0.5151181568513478,0.9609927937202419,0.007957673754039496
1860-1869,35,0.00938,0.00934,0.50,57218,534,56953,1750300,30.59,Male,France,0.57218,-0.5583016517906925,0.9577356343002528,0.008636698987868941
1860-1869,40,0.01141,0.01135,0.50,54402,617,54095,1471082,27.04,Male,France,0.54402,-0.6087692680961174,0.9507847180957042,0.01009352326108499
1860-1869,45,0.01421,0.01411,0.50,51219,723,50862,1206846,23.56,Male,France,0.51219,-0.6690596290308851,0.9414911216499393,0.012058072186953539
1860-1869,50,0.01738,0.01723,0.50,47400,817,46991,960045,20.25,Male,France,0.474,-0.7465479572870606,0.9254378258068295,0.015497665651235093
1860-1869,55,0.02160,0.02137,0.50,43167,923,42710,733403,16.99,Male,France,0.43167,-0.8400938715387012,0.9106962025316455,0.01870918285032812
1860-1869,60,0.02975,0.02932,0.50,38220,1121,37663,529546,13.86,Male,France,0.3822,-0.9618112471759644,0.8853985683508235,0.024343475127452652
1860-1869,65,0.04320,0.04230,0.51,32146,1360,31477,353099,10.98,Male,France,0.32146,-1.134882159841142,0.8410779696493982,0.03461418253303552
1860-1869,70,0.06645,0.06435,0.51,24918,1604,24132,209919,8.42,Male,France,0.24918,-1.38957975211142,0.7751508741367511,0.050939518454055574
1860-1869,75,0.10697,0.10164,0.51,16660,1693,15830,105636,6.34,Male,France,0.1666,-1.7921595492493947,0.6685929849907697,0.08051595942759496
1860-1869,80,0.15575,0.14470,0.51,8771,1269,8149,42692,4.87,Male,France,0.08771,-2.433719361018847,0.5264705882352941,0.12831196235389042
1860-1869,85,0.22088,0.19945,0.51,3561,710,3215,12936,3.63,Male,France,0.03561,-3.3351287816924504,0.4059970356857827,0.18028188413472074
1860-1869,90,0.32437,0.27995,0.51,939,263,811,2567,2.73,Male,France,0.00939,-4.668109985761966,0.2636899747262005,0.26659624081390304
1860-1869,95,0.44299,0.36317,0.50,145,53,119,317,2.19,Male,France,0.00145,-6.536191722549654,0.154419595314164,0.37361634735753774
1860-1869,100,0.69933,0.50259,0.44,15,7,11,23,1.54,Male,France,1.5e-4,-8.804875263868018,0.10344827586206896,0.45373670826367274
1860-1869,105,0.93773,0.64615,0.52,1,0,0,1,1.12,Male,France,1e-5,-11.512925464970229,0.06666666666666667,0.5416100402204421
1870-1879,0,0.20911,0.18238,0.30,100000,18238,87217,4210759,42.11,Male,France,1,0,1,0
1870-1879,5,0.01014,0.01009,0.50,73243,739,72877,3818035,52.13,Male,France,0.73243,-0.3113875057972942,0.73243,0.062277501159458834
1870-1879,10,0.00345,0.00344,0.51,70996,244,70875,3458663,48.72,Male,France,0.70996,-0.34254664856199124,0.9693213003290417,0.006231828552939411
1870-1879,15,0.00402,0.00401,0.51,69709,280,69572,3106830,44.57,Male,France,0.69709,-0.3608407517368453,0.9818722181531354,0.0036588206349708165
1870-1879,20,0.00814,0.00811,0.50,67773,550,67499,2762511,40.76,Male,France,0.67773,-0.38900630044489637,0.9722274024874836,0.00563310974161021
1870-1879,25,0.00758,0.00755,0.50,64955,491,64710,2430765,37.42,Male,France,0.64955,-0.43147546354039523,0.9584200197718855,0.008493832619099773
1870-1879,30,0.00790,0.00787,0.50,62549,492,62304,2112042,33.77,Male,France,0.62549,-0.46921993641319987,0.9629589715957201,0.007548894574560927
1870-1879,35,0.01278,0.01270,0.49,60037,762,59651,1805470,30.07,Male,France,0.60037,-0.5102091471600809,0.959839485843099,0.008197842149376211
1870-1879,40,0.01696,0.01681,0.48,55563,934,55080,1515997,27.28,Male,France,0.55563,-0.5876526738793171,0.9254792877725403,0.01548870534384723
1870-1879,45,0.01352,0.01343,0.50,51435,691,51089,1249005,24.28,Male,France,0.51435,-0.664851311405098,0.9257059554019761,0.015439727505156186
1870-1879,50,0.01542,0.01530,0.51,48029,735,47665,1000311,20.83,Male,France,0.48029,-0.7333651908487372,0.9337804996597647,0.013702775888727836
1870-1879,55,0.02086,0.02065,0.51,44054,910,43606,769724,17.47,Male,France,0.44054,-0.8197540318261256,0.9172375023423348,0.01727776819547768
1870-1879,60,0.03013,0.02969,0.51,39084,1160,38511,561380,14.36,Male,France,0.39084,-0.9394570099059946,0.887183910655105,0.02394059561597379
1870-1879,65,0.04469,0.04373,0.51,32752,1432,32047,381164,11.64,Male,France,0.32752,-1.1162061570691577,0.8379899703203357,0.03534982943263263
1870-1879,70,0.06094,0.05917,0.51,25426,1504,24687,235482,9.26,Male,France,0.25426,-1.3693979134601606,0.7763190034196384,0.05063835127820058
1870-1879,75,0.08674,0.08321,0.51,17905,1490,17177,127095,7.10,Male,France,0.17905,-1.7200901825376955,0.7042004247620546,0.07013845381550698
1870-1879,80,0.13570,0.12724,0.51,10569,1345,9910,56025,5.30,Male,France,0.10569,-2.247244997960881,0.5902820441217537,0.10543096308463706
1870-1879,85,0.20368,0.18515,0.51,4735,877,4304,18603,3.93,Male,France,0.04735,-3.05018845935005,0.4480083262371085,0.16058869227783382
1870-1879,90,0.29259,0.25566,0.51,1431,366,1251,4223,2.95,Male,France,0.01431,-4.246796685413777,0.30221752903907073,0.23932164521274543
1870-1879,95,0.39889,0.33257,0.50,262,87,219,606,2.31,Male,France,0.00262,-5.944580961209131,0.18308874912648498,0.3395568551590708
1870-1879,100,0.66254,0.49030,0.47,29,14,21,47,1.63,Male,France,2.9e-4,-8.145629634983754,0.11068702290076336,0.4402097347549246
1870-1879,105,0.57895,0.44304,0.47,1,1,1,3,2.03,Male,France,1e-5,-11.512925464970229,0.034482758620689655,0.6734591659972949
1880-1889,0,0.20233,0.17720,0.30,100000,17720,87580,4060539,40.61,Male,France,1,0,1,0
1880-1889,5,0.00946,0.00941,0.50,73955,696,73606,3665281,49.56,Male,France,0.73955,-0.301713385864758,0.73955,0.060342677172951595
1880-1889,10,0.00284,0.00284,0.51,72033,205,71932,3301534,45.83,Male,France,0.72033,-0.328045838641342,0.9740112230410385,0.005266490555316805
1880-1889,15,0.00357,0.00356,0.51,70981,253,70857,2943960,41.48,Male,France,0.70981,-0.3427579503933556,0.9853955825802063,0.0029424223504027182
1880-1889,20,0.00669,0.00666,0.50,69225,461,68996,2592964,37.46,Male,France,0.69225,-0.3678081169310658,0.9752609853341035,0.005010033307542039
1880-1889,25,0.01507,0.01495,0.48,66743,998,66223,2253079,33.76,Male,France,0.66743,-0.4043207631207192,0.9641459010473095,0.007302529237930677
1880-1889,30,0.02836,0.02794,0.47,59744,1669,58860,1935319,32.39,Male,France,0.59744,-0.5151014186287793,0.8951350703444556,0.02215613110161203
1880-1889,35,0.01922,0.01903,0.48,52061,991,51547,1656753,31.82,Male,France,0.52061,-0.6527540780006996,0.8714013122656669,0.027530531874384055
1880-1889,40,0.00937,0.00933,0.50,48739,455,48513,1406131,28.85,Male,France,0.48739,-0.7186906550306426,0.9361902383742149,0.013187315405988586
1880-1889,45,0.01178,0.01172,0.51,46312,543,46044,1168306,25.23,Male,France,0.46312,-0.7697690792113879,0.9502041486284084,0.010215684836149075
1880-1889,50,0.01564,0.01552,0.51,43396,674,43063,943761,21.75,Male,France,0.43396,-0.8348029150278871,0.9370357574710658,0.013006767163299826
1880-1889,55,0.02179,0.02155,0.51,39673,855,39251,735703,18.54,Male,France,0.39673,-0.9244993304240438,0.9142086828279105,0.017939283079231337
1880-1889,60,0.02674,0.02639,0.50,35242,930,34781,548215,15.56,Male,France,0.35242,-1.0429316328415525,0.8883119501928264,0.02368646048350176
1880-1889,65,0.03457,0.03399,0.51,30421,1034,29912,383840,12.62,Male,France,0.30421,-1.1900370265874574,0.8632029964247205,0.029421078749180964
1880-1889,70,0.05259,0.05126,0.51,24773,1270,24148,245309,9.90,Male,France,0.24773,-1.3954158355694517,0.8143387791328359,0.041075761796398866
1880-1889,75,0.07959,0.07659,0.51,18151,1390,17467,137673,7.59,Male,France,0.18151,-1.7064445303762508,0.732692851087878,0.062205738961359815
1880-1889,80,0.12153,0.11464,0.51,11279,1293,10640,64143,5.69,Male,France,0.11279,-2.1822275963303115,0.6213982700677648,0.09515661319081214
1880-1889,85,0.18341,0.16811,0.50,5447,916,4992,23017,4.23,Male,France,0.05447,-2.910105187586554,0.4829328841209327,0.1455755182512485
1880-1889,90,0.27055,0.23844,0.50,1841,439,1622,5777,3.14,Male,France,0.01841,-3.9948612837371504,0.3379842114925647,0.21695121923011929
1880-1889,95,0.37659,0.31702,0.50,379,120,319,911,2.40,Male,France,0.00379,-5.575389259887802,0.20586637696903856,0.3161055952301304
1880-1889,100,0.59523,0.45193,0.47,46,21,35,79,1.71,Male,France,4.6e-4,-7.6842840684811335,0.12137203166226913,0.42177896171866625
1880-1889,105,0.52327,0.41228,0.49,2,1,2,4,1.89,Male,France,2e-5,-10.819778284410283,0.043478260869565216,0.62709884318583
1890-1899,0,0.20368,0.17823,0.30,100000,17823,87508,4098547,40.99,Male,France,1,0,1,0
1890-1899,5,0.00620,0.00618,0.50,75728,468,75494,3699629,48.85,Male,France,0.75728,-0.27802221282419926,0.75728,0.05560444256483985
1890-1899,10,0.00265,0.00265,0.50,74116,196,74019,3325605,44.87,Male,France,0.74116,-0.29953875256792317,0.9787132896682865,0.004303307948744783
1890-1899,15,0.00329,0.00328,0.51,73180,240,73063,2957353,40.41,Male,France,0.7318,-0.3122480263970306,0.9873711479302715,0.002541854765821483
1890-1899,20,0.03417,0.03357,0.48,68742,2308,67537,2597671,37.79,Male,France,0.68742,-0.3748098198485475,0.9393550150314294,0.012512358690303382
1890-1899,25,0.02383,0.02354,0.48,57460,1353,56757,2283143,39.73,Male,France,0.5746,-0.5540811324369479,0.8358790841116057,0.03585426251768008
1890-1899,30,0.00639,0.00637,0.51,53648,342,53479,2007889,37.43,Male,France,0.53648,-0.6227259962642188,0.9336581970066133,0.013728972765454173
1890-1899,35,0.00720,0.00717,0.51,51914,372,51731,1743910,33.59,Male,France,0.51914,-0.6555816826738038,0.9676781986280942,0.006571137281917006
1890-1899,40,0.00946,0.00941,0.51,49922,470,49692,1489141,29.83,Male,France,0.49922,-0.6947083986268998,0.9616288477096737,0.007825343190619205
1890-1899,45,0.01325,0.01316,0.50,47330,623,47021,1245714,26.32,Male,France,0.4733,-0.7480258420699347,0.9480790032450623,0.010663488688606981
1890-1899,50,0.01340,0.01331,0.50,44302,590,44009,1016672,22.95,Male,France,0.44302,-0.8141403632292219,0.9360236636382844,0.013222904231857435
1890-1899,55,0.01575,0.01563,0.51,41276,645,40957,802604,19.45,Male,France,0.41276,-0.8848889687346234,0.9316960859554874,0.014149721101080304
1890-1899,60,0.02311,0.02285,0.51,37607,859,37182,604940,16.09,Male,France,0.37607,-0.977979982707,0.9111105727299157,0.018618202794475326
1890-1899,65,0.03344,0.03289,0.51,32877,1081,32343,428254,13.03,Male,France,0.32877,-1.1123968608387265,0.8742255431169729,0.026883375626345286
1890-1899,70,0.05050,0.04927,0.51,26986,1330,26328,278092,10.31,Male,France,0.26986,-1.3098519729794957,0.8208169845180522,0.03949102242815385
1890-1899,75,0.07504,0.07235,0.50,20066,1452,19347,160183,7.98,Male,France,0.20066,-1.6061433454846703,0.7435707403839028,0.059258274501034915
1890-1899,80,0.11205,0.10615,0.50,12870,1366,12193,77940,6.06,Male,France,0.1287,-2.050271164380056,0.6413834346656035,0.08882556377907717
1890-1899,85,0.16813,0.15520,0.50,6614,1026,6105,29830,4.51,Male,France,0.06614,-2.71598157142849,0.5139083139083139,0.13314208140968678
1890-1899,90,0.24830,0.22093,0.50,2445,540,2176,8172,3.34,Male,France,0.02445,-3.7111250630612562,0.36967039612942243,0.19902869832655323
1890-1899,95,0.35317,0.29983,0.50,567,170,482,1422,2.51,Male,France,0.00567,-5.172566161242476,0.23190184049079754,0.29228821963624396
1890-1899,100,0.50096,0.39995,0.50,74,30,59,136,1.83,Male,France,7.4e-4,-7.208860371766058,0.13051146384479717,0.40725884210471647
1890-1899,105,0.65860,0.49608,0.50,4,2,3,6,1.46,Male,France,4e-5,-10.126631103850338,0.05405405405405406,0.5835541464168559
1900-1909,0,0.17305,0.15433,0.30,100000,15433,89183,5080081,50.80,Male,France,1,0,1,0
1900-1909,5,0.00467,0.00466,0.51,79647,371,79464,4665854,58.58,Male,France,0.79647,-0.2275658151247971,0.79647,0.04551316302495942
1900-1909,10,0.00255,0.00255,0.50,78315,200,78215,4271346,54.54,Male,France,0.78315,-0.24443103045746598,0.9832762062601228,0.0033730430665337764
1900-1909,15,0.00350,0.00349,0.51,77324,270,77191,3882191,50.21,Male,France,0.77324,-0.25716579992864597,0.9873459745897976,0.002546953894235998
1900-1909,20,0.00615,0.00613,0.51,75513,463,75286,3499680,46.35,Male,France,0.75513,-0.2808653591248586,0.9765790698877451,0.004739911839242527
1900-1909,25,0.00535,0.00534,0.51,73385,392,73192,3127563,42.62,Male,France,0.73385,-0.3094506309249293,0.9718194218214082,0.00571705436001414
1900-1909,30,0.00643,0.00641,0.53,71451,458,71234,2765451,38.70,Male,France,0.71451,-0.3361582859088957,0.9736458404306058,0.005341530996793275
1900-1909,35,0.00979,0.00974,0.51,68765,670,68435,2414515,35.11,Male,France,0.68765,-0.3744752914214203,0.9624078039495598,0.007663401102504919
1900-1909,40,0.00823,0.00820,0.49,65636,538,65364,2078729,31.67,Male,France,0.65636,-0.42104586007518735,0.9544972006107758,0.009314113730753415
1900-1909,45,0.00714,0.00712,0.50,63133,449,62909,1756977,27.83,Male,France,0.63133,-0.45992657374920703,0.9618654396977269,0.007776142734803937
1900-1909,50,0.01044,0.01038,0.50,60589,629,60276,1447349,23.89,Male,France,0.60589,-0.5010568275410513,0.9597041167060016,0.008226050758368852
1900-1909,55,0.01493,0.01482,0.50,57070,846,56649,1152781,20.20,Male,France,0.5707,-0.5608916014394747,0.9419201505223721,0.01196695477968468
1900-1909,60,0.02240,0.02215,0.50,52263,1158,51686,878828,16.82,Male,France,0.52263,-0.648881522261959,0.91577010688628,0.01759798416449687
1900-1909,65,0.03241,0.03189,0.50,45875,1463,45147,632859,13.80,Male,France,0.45875,-0.779249879613357,0.8777720375791669,0.026073671470279593
1900-1909,70,0.04594,0.04491,0.50,38018,1708,37168,422614,11.12,Male,France,0.38018,-0.9671104542041296,0.8287302452316077,0.03757211491815451
1900-1909,75,0.06629,0.06418,0.50,29110,1868,28184,254405,8.74,Male,France,0.2911,-1.2340884282305595,0.7656899363459414,0.053395594805285995
1900-1909,80,0.09746,0.09295,0.50,19775,1838,18861,132212,6.69,Male,France,0.19775,-1.6207516723343738,0.6793198213672278,0.07733264882076285
1900-1909,85,0.14327,0.13374,0.50,11144,1490,10403,55518,4.98,Male,France,0.11144,-2.1942689495105867,0.5635398230088495,0.11470345543524259
1900-1909,90,0.22124,0.19935,0.50,4717,940,4250,16892,3.58,Male,France,0.04717,-3.053997181685967,0.42327709978463746,0.17194564643507607
1900-1909,95,0.34119,0.29155,0.50,1238,361,1058,3198,2.58,Male,France,0.01238,-4.391673011725687,0.26245495018019926,0.267535166007944
1900-1909,100,0.47048,0.38037,0.50,171,65,138,335,1.96,Male,France,0.00171,-6.371261908467568,0.1381260096930533,0.39591777934837624
1900-1909,105,0.55778,0.43450,0.49,11,5,9,18,1.62,Male,France,1.1e-4,-9.115030192171858,0.06432748538011696,0.548753656740858
1910-1919,0,0.15540,0.14013,0.30,100000,14013,90178,5322665,53.23,Male,France,1,0,1,0
1910-1919,5,0.00448,0.00447,0.50,81245,363,81062,4901450,60.33,Male,France,0.81245,-0.20770090513335177,0.81245,0.041540181026670356
1910-1919,10,0.00182,0.00182,0.50,80003,145,79931,4498829,56.23,Male,France,0.80003,-0.22310605201731715,0.9847129054095637,0.0030810293767930762
1910-1919,15,0.00257,0.00256,0.51,79267,203,79168,4100585,51.73,Male,France,0.79267,-0.23234828519389558,0.9908003449870629,0.001848446635315687
1910-1919,20,0.00585,0.00584,0.54,77904,455,77695,3707316,47.59,Male,France,0.77904,-0.24969288654774632,0.982804950357652,0.0034689202707701484
1910-1919,25,0.01207,0.01199,0.51,74817,897,74375,3324780,44.44,Male,France,0.74817,-0.29012505410292094,0.9603743068391867,0.008086433511034923
1910-1919,30,0.00938,0.00933,0.47,70631,659,70284,2961494,41.93,Male,France,0.70631,-0.3477010443778095,0.9440501490303006,0.011515198054977716
1910-1919,35,0.00353,0.00353,0.50,68269,241,68148,2615080,38.31,Male,France,0.68269,-0.3817144023874605,0.9665585932522547,0.006802671601930199
1910-1919,40,0.00408,0.00407,0.50,67061,273,66925,2276704,33.95,Male,France,0.67061,-0.3995675330421045,0.9823052922995796,0.0035706261309288003
1910-1919,45,0.00586,0.00584,0.50,65511,383,65320,1945069,29.69,Male,France,0.65511,-0.42295211851575115,0.9768867150803,0.004676917094729327
1910-1919,50,0.00892,0.00888,0.50,63296,562,63016,1622698,25.64,Male,France,0.63296,-0.4573480499878445,0.9661888843095052,0.006879186294418671
1910-1919,55,0.01357,0.01348,0.50,60025,809,59622,1313913,21.89,Male,France,0.60025,-0.5104090438807746,0.9483221688574317,0.010612198778586013
1910-1919,60,0.01934,0.01915,0.50,55475,1063,54946,1024662,18.47,Male,France,0.55475,-0.58923771716943385,0.924198250728863,0.015765734657731855
1910-1919,65,0.02734,0.02697,0.50,49592,1337,48926,761446,15.35,Male,France,0.49592,-0.701340655588473,0.8939522307345651,0.022420587683807836
1910-1919,70,0.03736,0.03668,0.50,42525,1560,41748,530703,12.48,Male,France,0.42525,-0.8550780477061659,0.8574971769640265,0.030747478423538577
1910-1919,75,0.05175,0.05045,0.50,34342,1733,33480,338144,9.85,Male,France,0.34342,-1.0688010910964805,0.8075720164609054,0.042744608678062915
1910-1919,80,0.07816,0.07525,0.50,25345,1907,24399,188568,7.44,Male,France,0.25345,-1.3725887140637787,0.7380175877933726,0.06075752459345964
1910-1919,85,0.12470,0.11744,0.50,15741,1849,14825,85826,5.45,Male,France,0.15741,-1.848901412615407,0.6210692444269087,0.09526253971032568
1910-1919,90,0.19757,0.17992,0.50,7391,1330,6731,28929,3.91,Male,France,0.07391,-2.6049071421853416,0.4695381487834318,0.1512011459139869
1910-1919,95,0.30347,0.26356,0.50,2259,595,1962,6295,2.79,Male,France,0.02259,-3.790247948502225,0.30564199702340683,0.2370681612633767
1910-1919,100,0.44934,0.36640,0.50,365,134,297,741,2.03,Male,France,0.00365,-5.613028111387737,0.1615759185480301,0.3645560325771024
1910-1919,105,0.55787,0.43327,0.48,26,11,20,43,1.64,Male,France,2.6e-4,-8.254828926948747,0.07123287671232877,0.5283601631122019
1920-1925,0,0.11973,0.11046,0.30,100000,11046,92258,5904219,59.04,Male,France,1,0,1,0
1920-1925,5,0.00303,0.00303,0.51,85645,259,85517,5465226,63.81,Male,France,0.85645,-0.15495934003814302,0.85645,0.030991868007628605
1920-1925,10,0.00150,0.00150,0.50,84688,127,84625,5039670,59.51,Male,France,0.84688,-0.16619627087245967,0.9888259676571896,0.00224738616686333
1920-1925,15,0.00209,0.00208,0.51,84057,175,83971,4617772,54.94,Male,France,0.84057,-0.1736750458416996,0.9925491214812016,0.0014957549938479863
1920-1925,20,0.01176,0.01169,0.51,82170,961,81698,4200694,51.12,Male,France,0.8217,-0.1963799140449949,0.9775509475712909,0.0045409736406590625
1920-1925,25,0.00320,0.00319,0.47,78056,249,77925,3801295,48.70,Male,France,0.78056,-0.24774366818244242,0.9499330655957162,0.010272750827489501
1920-1925,30,0.00222,0.00221,0.50,77089,171,77004,3413617,44.28,Male,France,0.77089,-0.26020958745213896,0.9876114584400942,0.002493183853939307
1920-1925,35,0.00259,0.00259,0.50,76191,197,76093,3030357,39.77,Male,France,0.76191,-0.2719268405072745,0.9883511266198809,0.002343450611027109
1920-1925,40,0.00368,0.00367,0.50,75086,276,74950,2652028,35.32,Male,France,0.75086,-0.28653606270520554,0.9854969747082989,0.0029218444395862075
1920-1925,45,0.00572,0.00570,0.50,73461,419,73253,2280394,31.04,Male,France,0.73461,-0.3084155328386932,0.9783581493221106,0.004375894026697536
1920-1925,50,0.00874,0.00870,0.50,70985,618,70677,1918889,27.03,Male,France,0.70985,-0.34270159887255414,0.966295040906059,0.006857213206772184
1920-1925,55,0.01255,0.01247,0.50,67438,841,67017,1572354,23.32,Male,France,0.67438,-0.39396152872474904,0.95003169683736,0.01025198597043898
1920-1925,60,0.01746,0.01731,0.50,62738,1086,62198,1246430,19.87,Male,France,0.62738,-0.4662028613237146,0.9303063554672439,0.014448266519793107
1920-1925,65,0.02279,0.02253,0.50,56866,1281,56226,946989,16.65,Male,France,0.56866,-0.5644725629967665,0.9064044119991074,0.019653940334610386
1920-1925,70,0.03079,0.03033,0.50,50036,1518,49280,679290,13.58,Male,France,0.50036,-0.6924274396355964,0.8798930819822037,0.025590975327765976
1920-1925,75,0.04448,0.04351,0.50,41861,1822,40956,448918,10.72,Male,France,0.41861,-0.8708155801012551,0.8366176353025822,0.035677628093131755
1920-1925,80,0.06801,0.06578,0.50,32237,2121,31181,263186,8.16,Male,France,0.32237,-1.132055324788461,0.7700962709920929,0.05224794893744118
1920-1925,85,0.10380,0.09871,0.50,21549,2127,20491,128604,5.97,Male,France,0.21549,-1.5348407742273171,0.6684555014424419,0.08055708988777122
1920-1925,90,0.17323,0.15955,0.51,11298,1803,10406,47017,4.16,Male,France,0.11298,-2.180544467085021,0.5242934706946958,0.1291407385715408
1920-1925,95,0.28716,0.25116,0.50,3810,957,3333,10835,2.84,Male,France,0.0381,-3.2675409968494815,0.33722782793414763,0.21739930595289209
1920-1925,100,0.45054,0.36733,0.50,636,233,518,1290,2.03,Male,France,0.00636,-5.057726901630106,0.16692913385826771,0.35803718095612497
1920-1925,105,0.55930,0.43404,0.48,46,20,35,75,1.64,Male,France,4.6e-4,-7.6842840684811335,0.07232704402515723,0.5253114333702055
