Year,Age,mx,qx,ax,lx,dx,Lx,Tx,ex,Sex,Country,Prob,logProb,CP,Haz
1816-1819,0,0.20775,0.18157,0.31,100000,18157,87396,3856598,38.57,both,France,1,0,1,0
1816-1819,5,0.01630,0.01617,0.50,70371,1138,69804,3470623,49.32,both,France,0.70371,-0.3513889395094951,0.70371,0.07027778790189902
1816-1819,10,0.00678,0.00676,0.50,66198,447,65974,3130643,47.29,both,France,0.66198,-0.41251993498186734,0.9407000042631197,0.012226199094474444
1816-1819,15,0.00605,0.00604,0.51,64365,389,64173,2804476,43.57,both,France,0.64365000000000006,-0.44060017887649355,0.9723103417021662,0.005616048778925242
1816-1819,20,0.00961,0.00956,0.51,62101,594,61808,2487977,40.06,both,France,0.62101,-0.4764080941187299,0.9648256039773169,0.007161583048447273
1816-1819,25,0.01074,0.01068,0.50,58656,627,58339,2185783,37.26,both,France,0.58656,-0.5334803143307969,0.9445258530458447,0.011414444042413397
1816-1819,30,0.01054,0.01049,0.50,55821,585,55529,1899746,34.03,both,France,0.55821,-0.5830200433144774,0.951667348608838,0.009907945796736106
1816-1819,35,0.01077,0.01071,0.51,53059,568,52778,1627707,30.68,both,France,0.53059,-0.6337656840448643,0.9505204134644668,0.01014912814607738
1816-1819,40,0.01102,0.01096,0.50,50226,551,49953,1369552,27.27,both,France,0.50226,-0.6886373650821169,0.9466066077385552,0.01097433620745052
1816-1819,45,0.01194,0.01187,0.51,47470,563,47193,1125312,23.71,both,France,0.4747,-0.7450722534248647,0.9451280213435272,0.011286977668549558
1816-1819,50,0.01676,0.01662,0.51,44331,737,43970,895465,20.20,both,France,0.44331,-0.8134859793984849,0.9338740257004424,0.013682745194724033
1816-1819,55,0.02068,0.02047,0.50,40113,821,39700,683990,17.05,both,France,0.40113,-0.9134697146874533,0.9048521350747784,0.019996747057793685
1816-1819,60,0.02885,0.02844,0.51,35796,1018,35293,493861,13.80,both,France,0.35796,-1.0273340306674796,0.8923790292423902,0.022772863196005265
1816-1819,65,0.04125,0.04043,0.51,30231,1222,29630,328331,10.86,both,France,0.30231,-1.1963022980217162,0.8445357023131076,0.033793653470847305
1816-1819,70,0.06568,0.06363,0.51,23651,1505,22913,193050,8.16,both,France,0.23651,-1.4417647886459657,0.7823426284277728,0.049092498124849906
1816-1819,75,0.11402,0.10797,0.51,15484,1672,14662,94627,6.11,both,France,0.15484,-1.8653629532726896,0.6546869054162615,0.08471963292534479
1816-1819,80,0.17063,0.15757,0.51,8120,1280,7499,36583,4.51,both,France,0.0812,-2.5108400318145048,0.5244122965641953,0.12909541570836303
1816-1819,85,0.25317,0.22495,0.50,2993,673,2659,9876,3.30,both,France,0.02993,-3.5088939571175297,0.3685960591133005,0.19961078506060498
1816-1819,90,0.35223,0.29950,0.50,671,201,571,1707,2.54,both,France,0.00671,-5.004156327998547,0.22418977614433677,0.2990524741762034
1816-1819,95,0.46047,0.37431,0.50,91,34,74,178,1.95,both,France,9.1e-4,-7.002065958453378,0.13561847988077497,0.39958192609096627
1816-1819,100,0.69589,0.51321,0.49,6,3,4,8,1.31,both,France,6e-5,-9.721165995742174,0.06593406593406594,0.5438200074577593
1816-1819,105,.,.,.,0,0,0,0,.,both,France,0,-Inf,0,Inf
1820-1829,0,0.21140,0.18435,0.31,100000,18435,87203,3856629,38.57,both,France,1,0,1,0
1820-1829,5,0.01676,0.01662,0.50,70134,1165,69551,3471641,49.50,both,France,0.70134,-0.3547624881344032,0.70134,0.07095249762688063
1820-1829,10,0.00665,0.00663,0.51,66083,438,65867,3132728,47.41,both,France,0.66083,-0.414258658290157,0.942239142213477,0.011899234031150762
1820-1829,15,0.00564,0.00562,0.51,64228,361,64050,2807178,43.71,both,France,0.64228,-0.44273093330065316,0.9719292405005826,0.00569445500209923
1820-1829,20,0.01027,0.01022,0.50,61961,633,61644,2491176,40.21,both,France,0.61961,-0.4786650311248598,0.9647038674721305,0.007186819564841329
1820-1829,25,0.01129,0.01123,0.51,58679,659,58354,2189528,37.31,both,France,0.58679,-0.5330882744399785,0.9470311970433014,0.010884648663023744
1820-1829,30,0.00971,0.00967,0.50,55639,538,55371,1904004,34.22,both,France,0.55639,-0.5862857917758838,0.9481927094872101,0.010639503467181056
1820-1829,35,0.00947,0.00943,0.50,52982,500,52734,1632497,30.81,both,France,0.52982,-0.6352179527623094,0.9522457269181689,0.009786432197285122
1820-1829,40,0.01089,0.01083,0.51,50447,546,50178,1373855,27.23,both,France,0.50447,-0.6842469057732259,0.9521535615869541,0.009805790602183295
1820-1829,45,0.01383,0.01374,0.51,47377,651,47055,1129012,23.83,both,France,0.47377,-0.7470333071177473,0.9391440521735683,0.012557280268904281
1820-1829,50,0.01652,0.01639,0.50,44017,721,43659,900373,20.45,both,France,0.44017,-0.8205942630526768,0.9290795111552019,0.014712191186985902
1820-1829,55,0.01975,0.01956,0.51,40333,789,39943,689345,17.09,both,France,0.40333,-0.9080001935564207,0.9163050639525638,0.01748118610074878
1820-1829,60,0.02845,0.02806,0.51,36046,1011,35548,497978,13.81,both,France,0.36046,-1.020374285417478,0.8937098653707882,0.022474818372211457
1820-1829,65,0.04320,0.04230,0.51,30336,1283,29705,331387,10.92,both,France,0.30336,-1.19283505991548,0.8415913000055485,0.034492154899600405
1820-1829,70,0.06880,0.06655,0.51,23524,1566,22756,196262,8.34,both,France,0.23524,-1.4471490093903818,0.775448312236287,0.050862789894980366
1820-1829,75,0.10523,0.10006,0.51,15733,1574,14960,98034,6.23,both,France,0.15733,-1.8494097687298052,0.6688063254548546,0.08045215186788468
1820-1829,80,0.16803,0.15514,0.51,8352,1296,7711,38220,4.58,both,France,0.08352,-2.4826691548478084,0.5308587046335728,0.12665187722360063
1820-1829,85,0.24708,0.22013,0.50,3146,692,2803,10589,3.37,both,France,0.03146,-3.459038381352005,0.37667624521072796,0.19527384530083935
1820-1829,90,0.35606,0.30229,0.50,735,222,624,1866,2.54,both,France,0.00735,-4.913054965757392,0.2336300063572791,0.2908033168810774
1820-1829,95,0.47415,0.38303,0.50,98,37,79,192,1.96,both,France,9.8e-4,-6.927957986299656,0.13333333333333333,0.4029806041084528
1820-1829,100,0.69956,0.50807,0.46,7,3,5,9,1.30,both,France,7e-5,-9.567015315914915,0.07142857142857142,0.5278114659230517
1820-1829,105,0.73404,0.58974,0.67,0,0,0,0,0.94,both,France,0,-Inf,0,Inf
1830-1839,0,0.19600,0.17252,0.31,100000,17252,88023,3986124,39.86,both,France,1,0,1,0
1830-1839,5,0.01420,0.01410,0.50,71634,1010,71129,3595070,50.19,both,France,0.71634,-0.33360036439678514,0.71634,0.06672007287935702
1830-1839,10,0.00607,0.00605,0.50,68146,412,67941,3246983,47.65,both,France,0.68146,-0.3835177236253401,0.9513080380824748,0.00998347184571099
1830-1839,15,0.00597,0.00595,0.51,66305,395,66111,2910971,43.90,both,France,0.66305,-0.410904876858529,0.9729844745106095,0.005477430646637782
1830-1839,20,0.01069,0.01063,0.50,63859,679,63521,2585008,40.48,both,France,0.63859,-0.4484926580786823,0.9631098710504487,0.007517556244030665
1830-1839,25,0.01008,0.01003,0.50,60250,604,59946,2274690,37.75,both,France,0.6025,-0.5066676136173269,0.9434848650934089,0.01163499110772892
1830-1839,30,0.00912,0.00908,0.51,57560,523,57302,1980389,34.41,both,France,0.5756,-0.5523423039689243,0.9553526970954357,0.009134938070319464
1830-1839,35,0.01099,0.01093,0.50,54668,598,54372,1699604,31.09,both,France,0.54668,-0.6038916568855373,0.9497567755385684,0.0103098705833226
1830-1839,40,0.01179,0.01172,0.50,51675,605,51374,1433708,27.74,both,France,0.51675,-0.6601960804202593,0.9452513353332845,0.011260884706944418
1830-1839,45,0.01234,0.01227,0.51,48755,598,48460,1182655,24.26,both,France,0.48755,-0.718362429701009,0.943492985002419,0.01163326985614994
1830-1839,50,0.01529,0.01518,0.51,45622,692,45280,946522,20.75,both,France,0.45622,-0.7847801296719444,0.9357399241103477,0.013283539994187077
1830-1839,55,0.01900,0.01882,0.51,41945,790,41555,727378,17.34,both,France,0.41945,-0.8688109496898335,0.9194029196440314,0.016806164003577817
1830-1839,60,0.02906,0.02865,0.51,37642,1078,37110,527947,14.03,both,France,0.37642,-0.9770497377197191,0.897413279294314,0.021647757605977126
1830-1839,65,0.04139,0.04057,0.51,31942,1296,31304,353573,11.07,both,France,0.31942,-1.1412484277539738,0.8485734020509006,0.03283973800685094
1830-1839,70,0.06684,0.06469,0.50,24951,1614,24150,210739,8.45,both,France,0.24951,-1.3882562844334312,0.781134556383445,0.04940157133589147
1830-1839,75,0.10420,0.09910,0.51,16813,1666,15990,106107,6.31,both,France,0.16813,-1.7830177892913002,0.67384072782654,0.0789523009715738
1830-1839,80,0.15986,0.14808,0.50,8990,1331,8327,42104,4.68,both,France,0.0899,-2.4090573375045627,0.5347052875750907,0.12520790964265252
1830-1839,85,0.23734,0.21230,0.50,3478,738,3111,12027,3.46,both,France,0.03478,-3.358712770056,0.3868743047830923,0.18993108651028745
1830-1839,90,0.34445,0.29382,0.50,858,252,732,2212,2.58,both,France,0.00858,-4.758321365482266,0.24669350201265094,0.27992171908525326
1830-1839,95,0.46581,0.37803,0.50,118,45,96,230,1.96,both,France,0.00118,-6.7422408405045635,0.13752913752913754,0.39678389500445943
1830-1839,100,0.73600,0.53629,0.49,7,4,5,10,1.30,both,France,7e-5,-9.567015315914915,0.059322033898305086,0.5649548950820703
1830-1839,105,0.44483,0.36752,0.53,0,0,0,0,2.45,both,France,0,-Inf,0,Inf
1840-1849,0,0.17631,0.15709,0.31,100000,15709,89096,4110143,41.10,both,France,1,0,1,0
1840-1849,5,0.01383,0.01373,0.50,73693,1012,73188,3710522,50.35,both,France,0.73693,-0.3052623709508713,0.73693,0.061052474190174254
1840-1849,10,0.00618,0.00616,0.50,70139,432,69925,3352268,47.79,both,France,0.70139,-0.3546911985775802,0.9517728956617317,0.009885765525341783
1840-1849,15,0.00610,0.00609,0.51,68103,414,67898,3006725,44.15,both,France,0.68103,-0.38414892093948744,0.9709719271731847,0.005891544472381449
1840-1849,20,0.00895,0.00891,0.51,65743,586,65454,2671796,40.64,both,France,0.65743,-0.41941698447622544,0.9653466073447572,0.0070536127073476005
1840-1849,25,0.01166,0.01160,0.50,62118,720,61758,2351659,37.86,both,France,0.62118,-0.4761343839760604,0.9448610498456109,0.01134347989996699
1840-1849,30,0.01035,0.01030,0.50,58858,606,58554,2049486,34.82,both,France,0.58858,-0.5300424226931232,0.9475192375800895,0.010781607743412558
1840-1849,35,0.00989,0.00984,0.50,56041,551,55767,1762376,31.45,both,France,0.56041,-0.5790866202816352,0.95213904651874,0.009808839517702395
1840-1849,40,0.01111,0.01105,0.50,53256,589,52965,1489069,27.96,both,France,0.53256,-0.6300597116896888,0.9503042415374457,0.010194618281610723
1840-1849,45,0.01239,0.01232,0.50,50229,619,49923,1230273,24.49,both,France,0.50229,-0.6885776368455755,0.9431613339342046,0.011703585031177344
1840-1849,50,0.01496,0.01485,0.51,47074,699,46729,986907,20.96,both,France,0.47074,-0.7534493543683272,0.9371876804236596,0.012974343504550335
1840-1849,55,0.01885,0.01868,0.51,43413,811,43012,760467,17.52,both,France,0.43413,-0.834411250564126,0.9222288312019373,0.01619237923915977
1840-1849,60,0.02868,0.02828,0.50,38869,1099,38321,554260,14.26,both,France,0.38869,-0.9449731682364786,0.8953308916683943,0.022112383534470516
1840-1849,65,0.04144,0.04060,0.50,33039,1341,32373,373987,11.32,both,France,0.33039,-1.1074815041371746,0.8500090046052123,0.03250166718013921
1840-1849,70,0.06333,0.06140,0.50,25876,1589,25085,226152,8.74,both,France,0.25876,-1.3518542878063524,0.7831956173007658,0.04887455673383556
1840-1849,75,0.09749,0.09300,0.51,17733,1649,16916,116890,6.59,both,France,0.17733,-1.7297428754777493,0.68530684804452,0.07557771753427937
1840-1849,80,0.15024,0.13983,0.50,9896,1384,9211,48184,4.87,both,France,0.09896,-2.3130395508979045,0.5580556025489201,0.11665933508403104
1840-1849,85,0.22656,0.20388,0.51,4018,819,3616,14438,3.59,both,France,0.04018,-3.214385919595349,0.40602263540824574,0.18026927373948887
1840-1849,90,0.33147,0.28514,0.51,1071,305,921,2806,2.62,both,France,0.01071,-4.53657739452248,0.2665505226480836,0.2644382949854262
1840-1849,95,0.48983,0.39375,0.50,150,59,120,291,1.95,both,France,0.0015,-6.502290170873972,0.1400560224089636,0.39314255527029845
1840-1849,100,0.70183,0.50915,0.46,10,5,7,15,1.48,both,France,1e-4,-9.210340371976182,0.06666666666666667,0.5416100402204419
1840-1849,105,0.61501,0.46890,0.49,0,0,0,0,1.34,both,France,0,-Inf,0,Inf
1850-1859,0,0.19274,0.17000,0.31,100000,17000,88199,4125019,41.25,both,France,1,0,1,0
1850-1859,5,0.01349,0.01340,0.50,71997,965,71514,3732406,51.84,both,France,0.71997,-0.32854573450678237,0.71997,0.06570914690135647
1850-1859,10,0.00450,0.00449,0.51,69018,310,68865,3381467,48.99,both,France,0.69018,-0.37080284584616313,0.9586232759698321,0.008451422267876152
1850-1859,15,0.00580,0.00578,0.50,67303,389,67111,3040500,45.18,both,France,0.67303,-0.3959653738078817,0.9751514097771595,0.005032505592343717
1850-1859,20,0.01040,0.01035,0.50,64901,671,64563,2709434,41.75,both,France,0.64901,-0.43230715407626097,0.9643106547999346,0.00726835605367585
1850-1859,25,0.00925,0.00920,0.50,61768,569,61484,2392960,38.74,both,France,0.61768,-0.4817847549815767,0.951726475709157,0.009895520181063145
1850-1859,30,0.00912,0.00907,0.50,59065,536,58798,2090969,35.40,both,France,0.59065,-0.5265316535876081,0.95623947675171606,0.008949379721206286
1850-1859,35,0.00959,0.00955,0.50,56360,538,56093,1802387,31.98,both,France,0.5636,-0.5734104989576119,0.9542029966985525,0.00937576907400075
1850-1859,40,0.01068,0.01062,0.51,53679,570,53397,1527264,28.45,both,France,0.53679,-0.6221483224102569,0.952430801987225,0.009747564690528999
1850-1859,45,0.01189,0.01182,0.51,50839,601,50542,1265947,24.90,both,France,0.50839,-0.6765064094118204,0.9470929041152033,0.010871617400312705
1850-1859,50,0.01499,0.01488,0.50,47677,710,47323,1019457,21.38,both,France,0.47677,-0.7407210846735967,0.9378036546745608,0.012842935052355254
1850-1859,55,0.01937,0.01918,0.50,43937,843,43518,790147,17.98,both,France,0.43937,-0.8224133962828116,0.921555466996665,0.016338462321842995
1850-1859,60,0.02671,0.02636,0.50,39390,1038,38868,581426,14.76,both,France,0.3939,-0.931658209005277,0.8965109133532103,0.021848962544493068
1850-1859,65,0.03829,0.03757,0.50,33802,1270,33170,397942,11.77,both,France,0.33802,-1.084650213652055,0.8581365828890581,0.030598400929355618
1850-1859,70,0.05780,0.05619,0.50,27004,1517,26250,245411,9.09,both,France,0.27004,-1.3091851828084673,0.7988876397846282,0.04490699383128245
1850-1859,75,0.09146,0.08752,0.51,19038,1666,18218,129880,6.82,both,France,0.19038,-1.658733204158978,0.7050066656791586,0.06990960427010214
1850-1859,80,0.14095,0.13186,0.51,11039,1456,10327,54990,4.98,both,France,0.11039,-2.2037357289518766,0.5798403193612774,0.10900050495857974
1850-1859,85,0.22897,0.20582,0.51,4644,956,4175,16649,3.58,both,France,0.04644,-3.0695941221524463,0.42069027991665914,0.17317167864011393
1850-1859,90,0.32225,0.27798,0.51,1194,332,1030,3323,2.78,both,France,0.01194,-4.427861171017681,0.2571059431524548,0.2716534097730469
1850-1859,95,0.40643,0.33911,0.51,194,66,162,432,2.23,both,France,0.00194,-6.2450673059069,0.1624790619765494,0.36344122697784387
1850-1859,100,0.72786,0.51679,0.44,20,10,14,30,1.47,both,France,2e-4,-8.517193191416238,0.10309278350515463,0.4544251771018676
1850-1859,105,0.76510,0.53901,0.45,1,0,1,1,1.24,both,France,1e-5,-11.512925464970229,0.05,0.5991464547107981
1860-1869,0,0.19780,0.17392,0.31,100000,17392,87927,4256177,42.56,both,France,1,0,1,0
1860-1869,5,0.01231,0.01224,0.50,72356,885,71915,3863511,53.40,both,France,0.72356,-0.32357180614870285,0.72356,0.06471436122974057
1860-1869,10,0.00454,0.00453,0.50,69550,315,69394,3510094,50.47,both,France,0.6955,-0.3631242676186394,0.9612195256785891,0.007910492293987315
1860-1869,15,0.00493,0.00492,0.51,68068,335,67904,3166056,46.51,both,France,0.68068,-0.3846629804789012,0.9786915887850467,0.004307742572052353
1860-1869,20,0.00814,0.00811,0.50,66035,535,65770,2830388,42.86,both,France,0.66035,-0.4149852814923237,0.9701328083681025,0.006064460202684507
1860-1869,25,0.00821,0.00818,0.50,63273,518,63017,2507098,39.62,both,France,0.63273,-0.45771148811650414,0.9581736957673961,0.008545241324836084
1860-1869,30,0.00818,0.00815,0.50,60830,496,60584,2196942,36.12,both,France,0.6083,-0.4970870976554775,0.9613895342405133,0.007875121907794668
1860-1869,35,0.00867,0.00863,0.51,58356,504,58107,1898978,32.54,both,France,0.58356,-0.5386080047784424,0.9593292783166201,0.008304181424592983
1860-1869,40,0.01004,0.00999,0.50,55753,557,55477,1613600,28.94,both,France,0.55753,-0.5842389654364658,0.9553944752896018,0.009126192131604682
1860-1869,45,0.01183,0.01176,0.50,52916,623,52607,1341803,25.36,both,France,0.52916,-0.6364644353879578,0.9491148458378922,0.010445093990298405
1860-1869,50,0.01453,0.01443,0.50,49624,716,49265,1085220,21.87,both,France,0.49624,-0.7006955983172749,0.937788192607151,0.012846232585863416
1860-1869,55,0.01812,0.01796,0.50,45866,824,45458,846265,18.45,both,France,0.45866,-0.7794460841463111,0.92427051426729,0.01575009716580724
1860-1869,60,0.02486,0.02456,0.50,41425,1017,40920,627661,15.15,both,France,0.41425,-0.8812856226754647,0.9031744647451271,0.020367907705830725
1860-1869,65,0.03602,0.03539,0.51,35863,1269,35239,433891,12.10,both,France,0.35863,-1.0254640626376803,0.8657332528666264,0.028835687992443116
1860-1869,70,0.05555,0.05408,0.51,28979,1567,28212,271160,9.36,both,France,0.28979,-1.2385987562471656,0.8080472910799431,0.042626938721897066
1860-1869,75,0.08957,0.08581,0.51,20698,1776,19829,146417,7.07,both,France,0.20698,-1.57513310874211,0.7142413471824425,0.0673068704989889
1860-1869,80,0.13487,0.12653,0.51,11994,1518,11252,64951,5.42,both,France,0.11994,-2.1207636612417735,0.5794762779012465,0.10912611049993268
1860-1869,85,0.19106,0.17484,0.51,5468,956,5004,22304,4.08,both,France,0.05468,-2.906257267126388,0.4558946139736535,0.15709872117692295
1860-1869,90,0.28502,0.25012,0.51,1736,434,1524,5295,3.05,both,France,0.01736,-4.053586569749933,0.3174835405998537,0.2294658605247089
1860-1869,95,0.39082,0.32753,0.51,337,111,283,800,2.37,both,France,0.00337,-5.692842534617867,0.19412442396313365,0.3278511929735869
1860-1869,100,0.60444,0.45451,0.45,42,19,31,72,1.71,both,France,4.2e-4,-7.77525584668686,0.12462908011869436,0.41648266241379855
1860-1869,105,0.68381,0.50780,0.49,2,1,2,3,1.39,both,France,2e-5,-10.819778284410283,0.047619047619047616,0.6089044875446847
1870-1879,0,0.19218,0.16956,0.31,100000,16956,88229,4453797,44.54,both,France,1,0,1,0
1870-1879,5,0.01022,0.01017,0.51,74445,757,74071,4055117,54.47,both,France,0.74445,-0.29510958828057765,0.74445,0.05902191765611553
1870-1879,10,0.00370,0.00369,0.51,72085,266,71955,3690002,51.19,both,France,0.72085,-0.32732420772422427,0.9682987440392236,0.006442923888729324
1870-1879,15,0.00481,0.00479,0.51,70651,339,70485,3333028,47.18,both,France,0.70651,-0.34741792267605565,0.9801068183394603,0.004018742990366276
1870-1879,20,0.00759,0.00756,0.50,68571,518,68314,2984562,43.53,both,France,0.68571,-0.37730048116099935,0.9705595108349493,0.00597651169698874
1870-1879,25,0.00748,0.00746,0.50,65935,492,65691,2648316,40.17,both,France,0.65935,-0.416500777728429,0.961558093071415,0.007840059313485925
1870-1879,30,0.00763,0.00760,0.50,63527,483,63287,2324696,36.59,both,France,0.63527,-0.45370517360961654,0.9634791840448927,0.007440879176237513
1870-1879,35,0.01012,0.01007,0.50,61108,615,60799,2013058,32.94,both,France,0.61108,-0.49252739548461505,0.9619217025831536,0.007764444374999702
1870-1879,40,0.01249,0.01241,0.49,57690,716,57323,1715792,29.74,both,France,0.5769,-0.5500863377192934,0.9440662433723899,0.011511788446935668
1870-1879,45,0.01106,0.01100,0.50,54379,598,54080,1435863,26.40,both,France,0.54379,-0.6091921360664933,0.9426070376148379,0.011821159669439973
1870-1879,50,0.01283,0.01275,0.50,51347,654,51022,1171465,22.81,both,France,0.51347,-0.6665636739102583,0.9442431821107413,0.011474307568753006
1870-1879,55,0.01696,0.01682,0.51,47823,805,47427,923221,19.30,both,France,0.47823,-0.7376634906684721,0.9313689212612226,0.014219963351642773
1870-1879,60,0.02396,0.02368,0.51,43434,1028,42927,694636,15.99,both,France,0.43434,-0.833927641449032,0.9082240762812872,0.019252830156111966
1870-1879,65,0.03560,0.03499,0.51,37740,1321,37091,491060,13.01,both,France,0.3774,-0.9744496460476871,0.8689045448266335,0.028104400919731033
1870-1879,70,0.04979,0.04860,0.51,30765,1495,30031,319343,10.38,both,France,0.30765,-1.1787925057956379,0.8151828298887123,0.04086857194959015
1870-1879,75,0.07150,0.06910,0.51,23053,1593,22276,184485,8.00,both,France,0.23053,-1.4673742731706323,0.7493255322606859,0.057716353474998885
1870-1879,80,0.11289,0.10699,0.51,14901,1594,14123,89390,6.00,both,France,0.14901,-1.9037418611947683,0.64638008068364206,0.0872735176048272
1870-1879,85,0.17246,0.15904,0.51,7598,1208,7007,33748,4.44,both,France,0.07598,-2.5772851312226575,0.5098986645191598,0.13470865400557783
1870-1879,90,0.25442,0.22606,0.51,2741,620,2436,9055,3.30,both,France,0.02741,-3.5968473686674427,0.3607528296920242,0.20391244748895704
1870-1879,95,0.35698,0.30321,0.50,623,189,529,1566,2.51,both,France,0.00623,-5.0783789461827755,0.22728931047063117,0.2963063155030666
1870-1879,100,0.51720,0.40878,0.49,82,34,65,156,1.89,both,France,8.2e-4,-7.106206217705975,0.13162118780096307,0.40556545430463997
1870-1879,105,0.64614,0.48732,0.50,5,3,4,10,1.78,both,France,5e-5,-9.903487552536127,0.06097560975609756,0.5594562669660303
1880-1889,0,0.18423,0.16334,0.31,100000,16334,88661,4512994,45.13,both,France,1,0,1,0
1880-1889,5,0.00953,0.00948,0.50,75345,714,74988,4111026,54.56,both,France,0.75345,-0.2830926201179737,0.75345,0.05661852402359474
1880-1889,10,0.00301,0.00300,0.51,73322,220,73214,3740577,51.02,both,France,0.73322,-0.3103094857017643,0.9731501758577211,0.005443373116758121
1880-1889,15,0.00404,0.00403,0.51,72149,291,72006,3376800,46.80,both,France,0.72149,-0.32643676087812246,0.9840020730476529,0.0032254550352716293
1880-1889,20,0.00640,0.00638,0.50,70329,449,70106,3020256,42.94,both,France,0.70329,-0.3519859544526009,0.9747744251479576,0.005109838714895687
1880-1889,25,0.01073,0.01067,0.49,67972,725,67600,2674491,39.35,both,France,0.67972,-0.38607433031623234,0.966486086820515,0.0068176751727262895
1880-1889,30,0.01733,0.01718,0.48,63332,1088,62761,2345415,37.03,both,France,0.63332,-0.45677945534890363,0.9317365974224681,0.014141025006534257
1880-1889,35,0.01269,0.01260,0.49,58243,734,57866,2041983,35.06,both,France,0.58243,-0.5405462724372952,0.9196456767510895,0.016753363417678323
1880-1889,40,0.00790,0.00787,0.50,55462,437,55245,1758487,31.71,both,France,0.55462,-0.5894720844239928,0.9522517727452225,0.009785162397339509
1880-1889,45,0.00947,0.00943,0.51,53176,501,52929,1486752,27.96,both,France,0.53176,-0.6315630192488106,0.9587825898813602,0.00841818696496357
1880-1889,50,0.01230,0.01223,0.51,50484,617,50178,1227364,24.31,both,France,0.50484,-0.6835137315917074,0.9493756581916654,0.010390142468579344
1880-1889,55,0.01661,0.01647,0.51,47108,776,46725,983058,20.87,both,France,0.47108,-0.7527273480087894,0.9331273274700895,0.013842723283416403
1880-1889,60,0.02043,0.02022,0.50,43048,871,42617,757440,17.60,both,France,0.43048,-0.8428544138009729,0.9138150632588945,0.01802541315843671
1880-1889,65,0.02646,0.02612,0.51,38460,1005,37965,553377,14.39,both,France,0.3846,-0.9555514458274577,0.8934212971566623,0.022539406405296947
1880-1889,70,0.04019,0.03941,0.51,32877,1296,32239,374406,11.39,both,France,0.32877,-1.1123968608387265,0.8548361934477379,0.03136908300225376
1880-1889,75,0.06179,0.05997,0.51,25903,1553,25138,226883,8.76,both,France,0.25903,-1.3508113938745592,0.7878760227514676,0.04768290660716654
1880-1889,80,0.09734,0.09289,0.51,17868,1660,17051,117124,6.55,both,France,0.17868,-1.7221587824982192,0.6898042697757016,0.074269477724732
1880-1889,85,0.15090,0.14043,0.51,9926,1394,9237,48029,4.84,both,France,0.09926,-2.3100126088228423,0.5555182449070964,0.11757076526492463
1880-1889,90,0.22862,0.20533,0.50,4007,823,3599,14291,3.57,both,France,0.04007,-3.217127354334084,0.40368728591577674,0.18142294910224832
1880-1889,95,0.32963,0.28315,0.50,1036,293,890,2777,2.68,both,France,0.01036,-4.5698030421508005,0.25854754180184675,0.2705351375633433
1880-1889,100,0.48635,0.38916,0.49,158,62,127,319,2.01,both,France,0.00158,-6.450330431943262,0.1525096525096525,0.37610547795849225
1880-1889,105,0.54198,0.42485,0.49,12,5,9,21,1.74,both,France,1.2e-4,-9.028018815182229,0.0759493670886076,0.5155376766477934
1890-1899,0,0.18445,0.16351,0.31,100000,16351,88648,4702535,47.03,both,France,1,0,1,0
1890-1899,5,0.00626,0.00624,0.50,77213,482,76973,4296463,55.64,both,France,0.77213,-0.25860234935161897,0.77213,0.05172046987032379
1890-1899,10,0.00276,0.00276,0.51,75534,208,75431,3915186,51.83,both,France,0.75534,-0.28058729997591414,0.9782549570668152,0.0043969901248590345
1890-1899,15,0.00365,0.00365,0.51,74485,272,74353,3540072,47.53,both,France,0.74485,-0.2945724231565351,0.98611221436704,0.00279702463612419
1890-1899,20,0.01958,0.01938,0.48,71362,1383,70644,3172844,44.46,both,France,0.71362,-0.3374046712032542,0.9580720950526952,0.008566449609343819
1890-1899,25,0.01452,0.01441,0.48,64518,930,64038,2833573,43.92,both,France,0.64518,-0.43822593135164717,0.9040946161822819,0.020164252029678597
1890-1899,30,0.00596,0.00594,0.50,61432,365,61251,2520092,41.02,both,France,0.61432,-0.487239313959849,0.9521683871167737,0.009802676521640363
1890-1899,35,0.00615,0.00613,0.51,59641,366,59461,2217399,37.18,both,France,0.59641,-0.5168269289618345,0.9708458132569345,0.005917523000397096
1890-1899,40,0.00735,0.00732,0.51,57743,423,57536,1923828,33.32,both,France,0.57743,-0.5491680560541834,0.9681762545899633,0.006468225418469786
1890-1899,45,0.00986,0.00981,0.50,55451,544,55181,1640615,29.59,both,France,0.55451,-0.5896704380892271,0.9603068770240548,0.00810047640700875
1890-1899,50,0.01031,0.01026,0.50,52748,541,52479,1370099,25.97,both,France,0.52748,-0.6396443290426388,0.9512542605182954,0.00999477819068233
1890-1899,55,0.01182,0.01176,0.50,49977,587,49686,1113180,22.27,both,France,0.49977,-0.6936072863924019,0.9474672025479639,0.010792591469952617
1890-1899,60,0.01671,0.01657,0.51,46675,773,46293,871165,18.66,both,France,0.46675,-0.7619614965603051,0.9339296076195049,0.013670842033580644
1890-1899,65,0.02374,0.02347,0.51,42403,995,41912,648012,15.28,both,France,0.42403,-0.857951071536195,0.9084734868773433,0.019197914995177978
1890-1899,70,0.03588,0.03526,0.51,36877,1300,36233,449215,12.18,both,France,0.36877,-0.9975821355107605,0.869679032143952,0.027926212794913096
1890-1899,75,0.05476,0.05332,0.51,29792,1588,29006,281925,9.46,both,France,0.29792,-1.2109302848934347,0.8078748271280202,0.042669629876534845
1890-1899,80,0.08447,0.08108,0.51,21414,1736,20555,153497,7.17,both,France,0.21414,-1.541125272252013,0.7187835660580022,0.06603899747171567
1890-1899,85,0.13240,0.12426,0.51,12816,1593,12029,68038,5.31,both,France,0.12816,-2.054475795662088,0.5984869711403754,0.10267010468201496
1890-1899,90,0.20345,0.18479,0.50,5769,1066,5239,22563,3.91,both,France,0.05769,-2.852671430713339,0.45014044943820225,0.15963912701025026
1890-1899,95,0.29509,0.25727,0.50,1741,448,1518,5058,2.91,both,France,0.01741,-4.05071052520204,0.3017854047495233,0.2396078188977401
1890-1899,100,0.42447,0.35012,0.50,314,110,259,666,2.12,both,France,0.00314,-5.763532479061975,0.1803561171740379,0.34256439077198697
1890-1899,105,0.56718,0.44098,0.50,26,11,20,43,1.64,both,France,2.6e-4,-8.254828926948747,0.08280254777070063,0.49825928957735444
1900-1909,0,0.15686,0.14146,0.31,100000,14146,90179,5455778,54.56,both,France,1,0,1,0
1900-1909,5,0.00475,0.00474,0.51,80949,384,80760,5035288,62.20,both,France,0.80949,-0.21135085924525882,0.80949,0.04227017184905176
1900-1909,10,0.00267,0.00267,0.50,79559,212,79454,4634416,58.25,both,France,0.79559,-0.22867130121152826,0.9828286946101866,0.0034640883932538892
1900-1909,15,0.00391,0.00390,0.51,78439,306,78289,4239285,54.05,both,France,0.78439,-0.24284893333886412,0.9859223972146457,0.002835526425467172
1900-1909,20,0.00579,0.00578,0.51,76566,442,76348,3851476,50.30,both,France,0.76566,-0.2670170720081971,0.9761215721771058,0.004833627733866591
1900-1909,25,0.00521,0.00520,0.51,74469,387,74278,3473975,46.65,both,France,0.74469,-0.29478725458182803,0.9726118642739597,0.0055540365147261905
1900-1909,30,0.00538,0.00536,0.52,72630,390,72442,3106285,42.77,both,France,0.7263,-0.31979212637001464,0.9753051605365991,0.005000974357637323
1900-1909,35,0.00735,0.00733,0.51,70480,516,70225,2748274,38.99,both,France,0.7048,-0.3498412043601673,0.9703979072008811,0.006009815598030532
1900-1909,40,0.00652,0.00650,0.50,68016,442,67793,2402162,35.32,both,France,0.68016,-0.38542721437165706,0.9650397275822928,0.007117202002297951
1900-1909,45,0.00565,0.00564,0.50,65957,372,65772,2067366,31.34,both,France,0.65957,-0.4161671714414057,0.9697277111267937,0.006147991413949727
1900-1909,50,0.00795,0.00792,0.50,63870,506,63618,1742553,27.28,both,France,0.6387,-0.4483204184145935,0.9683581727489121,0.006430649394637567
1900-1909,55,0.01080,0.01075,0.50,61082,656,60755,1429880,23.41,both,France,0.61082,-0.49295296223136015,0.9563488335681853,0.008926508763353325
1900-1909,60,0.01566,0.01554,0.50,57379,892,56934,1133260,19.75,both,France,0.57379,-0.5554918032618844,0.9393765757506303,0.012507768206104853
1900-1909,65,0.02236,0.02211,0.50,52411,1159,51835,858248,16.38,both,France,0.52411,-0.6460536930278621,0.9134178009376253,0.018112377953195535
1900-1909,70,0.03177,0.03128,0.50,46042,1440,45326,611541,13.28,both,France,0.46042,-0.7756161625913867,0.878479708458148,0.025912493912704913
1900-1909,75,0.04676,0.04570,0.50,38236,1747,37370,400198,10.47,both,France,0.38236,-0.9613927057865753,0.830459145997133,0.03715530863903773
1900-1909,80,0.07150,0.06905,0.50,28964,2000,27972,231649,8.00,both,France,0.28964,-1.239116506461517,0.7575060152735642,0.055544760134988345
1900-1909,85,0.10939,0.10376,0.50,18880,1959,17908,111997,5.93,both,France,0.1888,-1.6670670252707367,0.6518436680016573,0.08559010376184392
1900-1909,90,0.17478,0.16085,0.50,9701,1561,8928,41177,4.24,both,France,0.09701,-2.332941213008945,0.5138241525423729,0.13317483754764167
1900-1909,95,0.27983,0.24569,0.50,3319,815,2914,10071,3.03,both,France,0.03319,-3.405506653250254,0.3421296773528502,0.21451308804826175
1900-1909,100,0.39576,0.33048,0.50,644,213,538,1459,2.27,both,France,0.00644,-5.045226738865875,0.19403434769508887,0.32794401712312415
1900-1909,105,0.50504,0.40158,0.49,63,25,50,116,1.85,both,France,6.3e-4,-7.369790738578696,0.09782608695652174,0.4649127999425643
1910-1919,0,0.14118,0.12858,0.31,100000,12858,91073,5773662,57.74,both,France,1,0,1,0
1910-1919,5,0.00454,0.00453,0.50,82425,374,82237,5346797,64.87,both,France,0.82425,-0.19328139703029656,0.82425,0.03865627940605931
1910-1919,10,0.00183,0.00183,0.50,81149,148,81075,4938379,60.86,both,France,0.81149,-0.2088832149623214,0.9845192599332727,0.0031203635864049672
1910-1919,15,0.00285,0.00285,0.51,80356,229,80244,4534498,56.43,both,France,0.80356,-0.2187034232881884,0.9902278524689152,0.0019640416651733996
1910-1919,20,0.00498,0.00497,0.53,78941,392,78755,4135996,52.39,both,France,0.78941,-0.23646944798462766,0.9823908606700185,0.003553204939287852
1910-1919,25,0.00888,0.00884,0.51,76519,677,76185,3746875,48.97,both,France,0.76519,-0.26763110998026157,0.96931885838791,0.006232332399126783
1910-1919,30,0.00703,0.00701,0.48,73369,514,73103,3372399,45.96,both,France,0.73369,-0.3096686829039336,0.9588337537082293,0.00840751458473441
1910-1919,35,0.00304,0.00304,0.50,71421,217,71312,3011008,42.16,both,France,0.71421,-0.33657824223960997,0.9734492769425779,0.0053819118671352695
1910-1919,40,0.00333,0.00333,0.50,70354,234,70238,2656554,37.76,both,France,0.70354,-0.35163054547975886,0.9850604164041389,0.003010460648029778
1910-1919,45,0.00449,0.00448,0.50,69061,309,68907,2307875,33.42,both,France,0.69061,-0.3701800139689039,0.9816215140574808,0.003709893697829003
1910-1919,50,0.00664,0.00662,0.50,67281,445,67059,1966760,29.23,both,France,0.67281,-0.3962923071758297,0.9742256845397547,0.005222458641385164
1910-1919,55,0.00962,0.00957,0.50,64724,620,64415,1636402,25.28,both,France,0.64724,-0.4350381104505297,0.9619952141020496,0.007749160654940001
1910-1919,60,0.01331,0.01322,0.50,61240,810,60837,1321116,21.57,both,France,0.61240000000000006,-0.4903696151986083,0.946171435634386,0.011066300949615715
1910-1919,65,0.01842,0.01825,0.50,56745,1036,56228,1025712,18.08,both,France,0.56745,-0.5666026392349891,0.9266002612671457,0.015246604807276165
1910-1919,70,0.02529,0.02497,0.50,51157,1278,50522,755483,14.77,both,France,0.51157,-0.6702708505589737,0.9015243633800335,0.020733642264796924
1910-1919,75,0.03620,0.03556,0.50,44189,1571,43408,516524,11.69,both,France,0.44189,-0.8166942966556928,0.8637918564419337,0.029284689219343817
1910-1919,80,0.05617,0.05465,0.50,35643,1948,34678,316178,8.87,both,France,0.35643,-1.0316174118438313,0.8066034533481183,0.04298462303762769
1910-1919,85,0.09392,0.08975,0.51,25184,2260,24066,163359,6.49,both,France,0.25184,-1.3789613137530987,0.7065622983475016,0.06946878038185349
1910-1919,90,0.15437,0.14341,0.51,14110,2024,13109,65387,4.63,both,France,0.1411,-1.9582864201233687,0.5602763659466328,0.115865021274054
