Netherlands, Life tables (cohort 1x10), Males	Last modified: 10 May 2018;  Methods Protocol: v6 (2017)

  Year          Age         mx       qx    ax      lx      dx      Lx       Tx     ex
1850-1859        0      0.26671  0.22470  0.30  100000   22470   84250  3895484  38.95
1850-1859        1      0.07419  0.07144  0.48   77530    5539   74658  3811233  49.16
1850-1859        2      0.04063  0.03984  0.51   71991    2868   70589  3736576  51.90
1850-1859        3      0.02564  0.02532  0.51   69123    1750   68261  3665987  53.04
1850-1859        4      0.01931  0.01913  0.51   67372    1289   66741  3597726  53.40
1850-1859        5      0.01567  0.01556  0.52   66083    1028   65586  3530984  53.43
1850-1859        6      0.01286  0.01278  0.49   65055     831   64635  3465398  53.27
1850-1859        7      0.01112  0.01106  0.49   64224     710   63862  3400763  52.95
1850-1859        8      0.00883  0.00879  0.48   63514     558   63225  3336901  52.54
1850-1859        9      0.00717  0.00715  0.49   62956     450   62724  3273675  52.00
1850-1859       10      0.00624  0.00622  0.50   62506     389   62309  3210951  51.37
1850-1859       11      0.00563  0.00561  0.49   62117     349   61938  3148642  50.69
1850-1859       12      0.00501  0.00500  0.50   61768     309   61614  3086704  49.97
1850-1859       13      0.00476  0.00475  0.50   61459     292   61313  3025090  49.22
1850-1859       14      0.00489  0.00488  0.48   61168     299   61012  2963777  48.45
1850-1859       15      0.00486  0.00485  0.49   60869     295   60719  2902765  47.69
1850-1859       16      0.00541  0.00540  0.50   60574     327   60409  2842046  46.92
1850-1859       17      0.00611  0.00609  0.51   60247     367   60066  2781636  46.17
1850-1859       18      0.00713  0.00710  0.50   59880     425   59666  2721571  45.45
1850-1859       19      0.00859  0.00855  0.50   59454     509   59200  2661904  44.77
1850-1859       20      0.00984  0.00979  0.49   58946     577   58654  2602704  44.15
1850-1859       21      0.00893  0.00889  0.49   58369     519   58102  2544050  43.59
1850-1859       22      0.00869  0.00866  0.49   57850     501   57593  2485948  42.97
1850-1859       23      0.00834  0.00830  0.49   57349     476   57107  2428355  42.34
1850-1859       24      0.00782  0.00779  0.49   56873     443   56648  2371248  41.69
1850-1859       25      0.00777  0.00774  0.49   56430     437   56208  2314600  41.02
1850-1859       26      0.00757  0.00754  0.49   55993     422   55780  2258392  40.33
1850-1859       27      0.00754  0.00751  0.50   55571     417   55361  2202612  39.64
1850-1859       28      0.00717  0.00715  0.49   55153     394   54953  2147251  38.93
1850-1859       29      0.00704  0.00702  0.50   54759     384   54566  2092298  38.21
1850-1859       30      0.00727  0.00725  0.50   54375     394   54178  2037732  37.48
1850-1859       31      0.00687  0.00685  0.50   53981     370   53797  1983554  36.75
1850-1859       32      0.00750  0.00748  0.50   53611     401   53413  1929757  36.00
1850-1859       33      0.00731  0.00728  0.50   53210     387   53018  1876344  35.26
1850-1859       34      0.00769  0.00766  0.51   52823     405   52623  1823326  34.52
1850-1859       35      0.00800  0.00797  0.50   52418     418   52211  1770703  33.78
1850-1859       36      0.00826  0.00822  0.50   52001     428   51787  1718492  33.05
1850-1859       37      0.00803  0.00799  0.50   51573     412   51365  1666705  32.32
1850-1859       38      0.00821  0.00817  0.51   51161     418   50954  1615340  31.57
1850-1859       39      0.00836  0.00833  0.50   50742     423   50531  1564386  30.83
1850-1859       40      0.00850  0.00847  0.51   50320     426   50110  1513855  30.08
1850-1859       41      0.00865  0.00861  0.51   49894     430   49682  1463746  29.34
1850-1859       42      0.00892  0.00888  0.51   49464     439   49248  1414064  28.59
1850-1859       43      0.00916  0.00912  0.50   49025     447   48801  1364816  27.84
1850-1859       44      0.00952  0.00948  0.50   48578     460   48349  1316015  27.09
1850-1859       45      0.00967  0.00962  0.51   48118     463   47890  1267666  26.35
1850-1859       46      0.01006  0.01001  0.51   47655     477   47420  1219776  25.60
1850-1859       47      0.01077  0.01071  0.51   47178     506   46929  1172356  24.85
1850-1859       48      0.01101  0.01095  0.50   46672     511   46418  1125427  24.11
1850-1859       49      0.01128  0.01121  0.50   46161     518   45904  1079010  23.37
1850-1859       50      0.01182  0.01175  0.51   45643     536   45379  1033105  22.63
1850-1859       51      0.01204  0.01197  0.51   45107     540   44842   987727  21.90
1850-1859       52      0.01284  0.01276  0.50   44567     569   44283   942885  21.16
1850-1859       53      0.01375  0.01366  0.51   43998     601   43702   898601  20.42
1850-1859       54      0.01500  0.01489  0.51   43397     646   43078   854899  19.70
1850-1859       55      0.01523  0.01511  0.51   42751     646   42432   811821  18.99
1850-1859       56      0.01654  0.01641  0.51   42105     691   41766   769390  18.27
1850-1859       57      0.01777  0.01762  0.51   41414     730   41053   727623  17.57
1850-1859       58      0.01957  0.01938  0.50   40685     788   40294   686570  16.88
1850-1859       59      0.02151  0.02128  0.50   39896     849   39473   646276  16.20
1850-1859       60      0.02324  0.02298  0.51   39047     897   38605   606804  15.54
1850-1859       61      0.02441  0.02412  0.50   38150     920   37693   568199  14.89
1850-1859       62      0.02718  0.02683  0.51   37230     999   36742   530506  14.25
1850-1859       63      0.02913  0.02872  0.51   36231    1041   35719   493764  13.63
1850-1859       64      0.03262  0.03210  0.51   35190    1130   34636   458045  13.02
1850-1859       65      0.03391  0.03335  0.51   34060    1136   33498   423410  12.43
1850-1859       66      0.03684  0.03618  0.50   32925    1191   32335   389911  11.84
1850-1859       67      0.04023  0.03945  0.51   31733    1252   31119   357577  11.27
1850-1859       68      0.04221  0.04135  0.51   30482    1260   29861   326457  10.71
1850-1859       69      0.04585  0.04485  0.51   29221    1311   28581   296596  10.15
1850-1859       70      0.05115  0.04990  0.51   27911    1393   27228   268015   9.60
1850-1859       71      0.05571  0.05423  0.51   26518    1438   25814   240787   9.08
1850-1859       72      0.06048  0.05873  0.51   25080    1473   24355   214973   8.57
1850-1859       73      0.06570  0.06366  0.51   23607    1503   22871   190618   8.07
1850-1859       74      0.07423  0.07164  0.51   22104    1583   21331   167747   7.59
1850-1859       75      0.08161  0.07848  0.51   20520    1610   19734   146416   7.14
1850-1859       76      0.09005  0.08623  0.51   18910    1631   18108   126682   6.70
1850-1859       77      0.09909  0.09451  0.51   17279    1633   16482   108574   6.28
1850-1859       78      0.10646  0.10120  0.51   15646    1583   14873    92092   5.89
1850-1859       79      0.11791  0.11149  0.51   14063    1568   13297    77219   5.49
1850-1859       80      0.13171  0.12375  0.51   12495    1546   11740    63922   5.12
1850-1859       81      0.14702  0.13721  0.51   10949    1502   10218    52182   4.77
1850-1859       82      0.16202  0.15022  0.52    9446    1419    8759    41964   4.44
1850-1859       83      0.17815  0.16395  0.51    8027    1316    7388    33206   4.14
1850-1859       84      0.20050  0.18269  0.51    6711    1226    6115    25818   3.85
1850-1859       85      0.22525  0.20315  0.52    5485    1114    4947    19703   3.59
1850-1859       86      0.25282  0.22513  0.51    4371     984    3892    14756   3.38
1850-1859       87      0.26553  0.23493  0.51    3387     796    2997    10864   3.21
1850-1859       88      0.28726  0.25204  0.51    2591     653    2273     7867   3.04
1850-1859       89      0.31170  0.27054  0.51    1938     524    1682     5594   2.89
1850-1859       90      0.32399  0.27974  0.51    1414     395    1221     3911   2.77
1850-1859       91      0.34516  0.29516  0.51    1018     301     871     2691   2.64
1850-1859       92      0.36462  0.30825  0.50     718     221     607     1820   2.54
1850-1859       93      0.36999  0.31222  0.50     496     155     419     1213   2.44
1850-1859       94      0.40156  0.33267  0.48     341     114     283      794   2.33
1850-1859       95      0.35060  0.29790  0.50     228      68     194      511   2.24
1850-1859       96      0.42400  0.34799  0.48     160      56     131      318   1.98
1850-1859       97      0.48371  0.38858  0.49     104      41      84      186   1.79
1850-1859       98      0.58075  0.44257  0.46      64      28      49      102   1.61
1850-1859       99      0.63347  0.47802  0.49      36      17      27       54   1.51
1850-1859      100      0.64275  0.49474  0.53      19       9      14       27   1.46
1850-1859      101      0.79910  0.56250  0.47       9       5       7       13   1.36
1850-1859      102      0.61102  0.47619  0.54       4       2       3        6   1.49
1850-1859      103      0.72037  0.54545  0.55       2       1       2        3   1.36
1850-1859      104      0.81688  0.60000  0.56       1       1       1        1   1.34
1850-1859      105      0.59879  0.50000  0.67       0       0       0        1   1.51
1850-1859      106      0.00000  0.00000  0.50       0       0       0        0   1.34
1850-1859      107      2.93208  1.00000  0.34       0       0       0        0   0.34
1850-1859      108            .        .     .       0       0       0        0      .
1850-1859      109            .        .     .       0       0       0        0      .
1850-1859      110+           .        .     .       0       0       0        0      .
1860-1869        0      0.27097  0.22772  0.30  100000   22772   84039  4120529  41.21
1860-1869        1      0.07079  0.06829  0.48   77228    5274   74503  4036489  52.27
1860-1869        2      0.03733  0.03666  0.51   71954    2638   70660  3961986  55.06
1860-1869        3      0.02500  0.02469  0.50   69317    1711   68462  3891327  56.14
1860-1869        4      0.01753  0.01738  0.50   67605    1175   67016  3822865  56.55
1860-1869        5      0.01387  0.01377  0.49   66430     915   65966  3755850  56.54
1860-1869        6      0.01080  0.01074  0.48   65515     704   65152  3689884  56.32
1860-1869        7      0.00824  0.00820  0.49   64812     532   64540  3624732  55.93
1860-1869        8      0.00653  0.00651  0.49   64280     418   64065  3560192  55.39
1860-1869        9      0.00574  0.00572  0.49   63862     365   63676  3496127  54.75
1860-1869       10      0.00476  0.00474  0.49   63496     301   63342  3432451  54.06
1860-1869       11      0.00416  0.00415  0.49   63195     262   63060  3369109  53.31
1860-1869       12      0.00366  0.00366  0.50   62933     230   62818  3306049  52.53
1860-1869       13      0.00338  0.00337  0.49   62703     211   62596  3243231  51.72
1860-1869       14      0.00349  0.00348  0.49   62492     217   62381  3180635  50.90
1860-1869       15      0.00383  0.00382  0.49   62274     238   62153  3118253  50.07
1860-1869       16      0.00418  0.00418  0.50   62036     259   61906  3056100  49.26
1860-1869       17      0.00497  0.00496  0.51   61777     306   61626  2994194  48.47
1860-1869       18      0.00572  0.00570  0.50   61471     351   61296  2932568  47.71
1860-1869       19      0.00663  0.00660  0.50   61120     404   60918  2871271  46.98
1860-1869       20      0.00731  0.00728  0.50   60717     442   60494  2810354  46.29
1860-1869       21      0.00761  0.00758  0.49   60275     457   60043  2749859  45.62
1860-1869       22      0.00737  0.00735  0.50   59818     439   59599  2689816  44.97
1860-1869       23      0.00694  0.00691  0.50   59378     411   59173  2630217  44.30
1860-1869       24      0.00700  0.00698  0.50   58968     411   58763  2571044  43.60
1860-1869       25      0.00674  0.00672  0.50   58556     394   58359  2512281  42.90
1860-1869       26      0.00652  0.00650  0.50   58163     378   57974  2453922  42.19
1860-1869       27      0.00629  0.00627  0.50   57785     362   57605  2395948  41.46
1860-1869       28      0.00625  0.00623  0.50   57423     358   57243  2338343  40.72
1860-1869       29      0.00619  0.00617  0.50   57065     352   56890  2281100  39.97
1860-1869       30      0.00610  0.00608  0.50   56712     345   56541  2224211  39.22
1860-1869       31      0.00601  0.00599  0.50   56368     338   56198  2167670  38.46
1860-1869       32      0.00617  0.00616  0.50   56030     345   55858  2111472  37.68
1860-1869       33      0.00583  0.00582  0.50   55685     324   55522  2055615  36.92
1860-1869       34      0.00607  0.00605  0.51   55361     335   55195  2000092  36.13
1860-1869       35      0.00600  0.00598  0.51   55026     329   54864  1944897  35.35
1860-1869       36      0.00586  0.00584  0.50   54697     320   54538  1890033  34.55
1860-1869       37      0.00652  0.00650  0.50   54377     353   54202  1835495  33.75
1860-1869       38      0.00617  0.00615  0.51   54024     332   53860  1781293  32.97
1860-1869       39      0.00658  0.00655  0.50   53691     352   53514  1727433  32.17
1860-1869       40      0.00673  0.00671  0.50   53339     358   53162  1673919  31.38
1860-1869       41      0.00672  0.00670  0.50   52982     355   52804  1620757  30.59
1860-1869       42      0.00682  0.00680  0.51   52627     358   52450  1567953  29.79
1860-1869       43      0.00691  0.00688  0.51   52269     360   52092  1515503  28.99
1860-1869       44      0.00744  0.00741  0.51   51909     385   51719  1463411  28.19
1860-1869       45      0.00779  0.00776  0.50   51524     400   51326  1411693  27.40
1860-1869       46      0.00784  0.00781  0.50   51124     399   50925  1360367  26.61
1860-1869       47      0.00829  0.00825  0.51   50725     419   50519  1309442  25.81
1860-1869       48      0.00898  0.00894  0.51   50306     450   50085  1258922  25.03
1860-1869       49      0.00938  0.00934  0.50   49856     465   49626  1208837  24.25
1860-1869       50      0.01023  0.01018  0.50   49391     503   49140  1159211  23.47
1860-1869       51      0.01091  0.01085  0.50   48888     531   48625  1110071  22.71
1860-1869       52      0.01133  0.01127  0.50   48358     545   48087  1061445  21.95
1860-1869       53      0.01280  0.01272  0.50   47813     608   47511  1013358  21.19
1860-1869       54      0.01362  0.01353  0.50   47204     638   46887   965848  20.46
1860-1869       55      0.01399  0.01390  0.51   46566     647   46249   918961  19.73
1860-1869       56      0.01491  0.01480  0.50   45919     680   45580   872712  19.01
1860-1869       57      0.01623  0.01610  0.51   45239     729   44883   827132  18.28
1860-1869       58      0.01684  0.01670  0.51   44511     743   44144   782249  17.57
1860-1869       59      0.01776  0.01760  0.51   43767     770   43389   738105  16.86
1860-1869       60      0.01955  0.01936  0.51   42997     832   42588   694717  16.16
1860-1869       61      0.02078  0.02056  0.51   42164     867   41738   652129  15.47
1860-1869       62      0.02232  0.02208  0.51   41297     912   40847   610391  14.78
1860-1869       63      0.02484  0.02454  0.51   40385     991   39898   569545  14.10
1860-1869       64      0.02685  0.02650  0.51   39395    1044   38882   529646  13.44
1860-1869       65      0.02986  0.02943  0.51   38351    1129   37798   490764  12.80
1860-1869       66      0.03309  0.03256  0.51   37222    1212   36626   452966  12.17
1860-1869       67      0.03586  0.03524  0.51   36010    1269   35388   416339  11.56
1860-1869       68      0.04035  0.03956  0.51   34741    1374   34066   380951  10.97
1860-1869       69      0.04213  0.04127  0.51   33366    1377   32691   346885  10.40
1860-1869       70      0.04697  0.04592  0.51   31989    1469   31270   314194   9.82
1860-1869       71      0.05366  0.05229  0.51   30520    1596   29738   282924   9.27
1860-1869       72      0.05863  0.05699  0.51   28925    1648   28116   253186   8.75
1860-1869       73      0.06462  0.06266  0.51   27276    1709   26446   225070   8.25
1860-1869       74      0.07207  0.06962  0.51   25567    1780   24699   198624   7.77
1860-1869       75      0.08532  0.08191  0.51   23787    1948   22837   173925   7.31
1860-1869       76      0.09093  0.08710  0.52   21839    1902   20917   151089   6.92
1860-1869       77      0.10274  0.09787  0.52   19937    1951   18992   130171   6.53
1860-1869       78      0.11147  0.10569  0.51   17986    1901   17054   111180   6.18
1860-1869       79      0.11906  0.11257  0.52   16085    1811   15208    94126   5.85
1860-1869       80      0.13255  0.12453  0.51   14274    1778   13411    78918   5.53
1860-1869       81      0.13708  0.12849  0.51   12496    1606   11713    65508   5.24
1860-1869       82      0.14963  0.13934  0.51   10891    1518   10141    53794   4.94
1860-1869       83      0.16329  0.15113  0.51    9373    1417    8675    43653   4.66
1860-1869       84      0.17535  0.16135  0.51    7957    1284    7322    34977   4.40
1860-1869       85      0.18021  0.16531  0.50    6673    1103    6121    27656   4.14
1860-1869       86      0.19728  0.17953  0.50    5570    1000    5069    21535   3.87
1860-1869       87      0.21846  0.19682  0.50    4570     899    4117    16466   3.60
1860-1869       88      0.24216  0.21573  0.49    3670     792    3270    12349   3.36
1860-1869       89      0.26852  0.23610  0.49    2879     680    2531     9079   3.15
1860-1869       90      0.28573  0.24884  0.48    2199     547    1915     6548   2.98
1860-1869       91      0.29560  0.25643  0.48    1652     424    1433     4633   2.80
1860-1869       92      0.32523  0.27884  0.49    1228     342    1053     3200   2.61
1860-1869       93      0.36329  0.30534  0.48     886     270     744     2147   2.42
1860-1869       94      0.39784  0.32988  0.48     615     203     510     1403   2.28
1860-1869       95      0.43678  0.35444  0.47     412     146     335      893   2.16
1860-1869       96      0.44969  0.36340  0.47     266      97     215      558   2.10
1860-1869       97      0.45886  0.36785  0.46     169      62     136      343   2.02
1860-1869       98      0.44635  0.36104  0.47     107      39      87      207   1.93
1860-1869       99      0.52458  0.41327  0.49      68      28      54      120   1.76
1860-1869      100      0.54617  0.43043  0.51      40      17      32       67   1.66
1860-1869      101      0.60707  0.46565  0.50      23      11      18       35   1.53
1860-1869      102      0.69537  0.51429  0.49      12       6       9       17   1.42
1860-1869      103      0.45352  0.38235  0.59       6       2       5        8   1.40
1860-1869      104      1.22601  0.76190  0.50       4       3       2        3   0.91
1860-1869      105      0.49907  0.40000  0.50       1       0       1        1   1.20
1860-1869      106      1.50504  1.00000  0.66       1       1       0        0   0.66
1860-1869      107            .        .     .       0       0       0        0      .
1860-1869      108            .        .     .       0       0       0        0      .
1860-1869      109            .        .     .       0       0       0        0      .
1860-1869      110+           .        .     .       0       0       0        0      .
1870-1879        0      0.28139  0.23503  0.30  100000   23503   83527  4402331  44.02
1870-1879        1      0.06435  0.06223  0.47   76497    4760   73973  4318804  56.46
1870-1879        2      0.02762  0.02722  0.47   71737    1953   70702  4244831  59.17
1870-1879        3      0.01706  0.01691  0.48   69784    1180   69170  4174129  59.82
1870-1879        4      0.01187  0.01180  0.49   68604     809   68191  4104959  59.84
1870-1879        5      0.00938  0.00933  0.48   67794     633   67466  4036768  59.54
1870-1879        6      0.00770  0.00767  0.49   67162     515   66897  3969302  59.10
1870-1879        7      0.00616  0.00614  0.49   66647     409   66439  3902404  58.55
1870-1879        8      0.00499  0.00497  0.50   66237     329   66072  3835965  57.91
1870-1879        9      0.00418  0.00417  0.50   65908     275   65770  3769894  57.20
1870-1879       10      0.00378  0.00377  0.49   65633     248   65507  3704124  56.44
1870-1879       11      0.00309  0.00308  0.51   65385     201   65285  3638617  55.65
1870-1879       12      0.00302  0.00301  0.50   65184     196   65085  3573331  54.82
1870-1879       13      0.00288  0.00288  0.50   64987     187   64894  3508246  53.98
1870-1879       14      0.00293  0.00293  0.50   64800     190   64705  3443352  53.14
1870-1879       15      0.00326  0.00326  0.50   64611     210   64506  3378647  52.29
1870-1879       16      0.00401  0.00400  0.51   64400     258   64273  3314141  51.46
1870-1879       17      0.00466  0.00464  0.50   64142     298   63995  3249868  50.67
1870-1879       18      0.00505  0.00504  0.51   63844     322   63687  3185873  49.90
1870-1879       19      0.00577  0.00575  0.50   63523     365   63341  3122186  49.15
1870-1879       20      0.00630  0.00628  0.51   63157     396   62962  3058845  48.43
1870-1879       21      0.00644  0.00642  0.51   62761     403   62562  2995883  47.73
1870-1879       22      0.00621  0.00619  0.50   62358     386   62164  2933321  47.04
1870-1879       23      0.00581  0.00579  0.50   61972     359   61791  2871157  46.33
1870-1879       24      0.00596  0.00594  0.50   61613     366   61431  2809365  45.60
1870-1879       25      0.00557  0.00555  0.50   61247     340   61079  2747935  44.87
1870-1879       26      0.00532  0.00530  0.50   60907     323   60746  2686856  44.11
1870-1879       27      0.00505  0.00504  0.50   60584     305   60431  2626111  43.35
1870-1879       28      0.00503  0.00501  0.50   60279     302   60129  2565680  42.56
1870-1879       29      0.00484  0.00483  0.51   59977     290   59834  2505551  41.78
1870-1879       30      0.00452  0.00451  0.50   59687     269   59553  2445717  40.98
1870-1879       31      0.00452  0.00451  0.50   59418     268   59284  2386164  40.16
1870-1879       32      0.00442  0.00441  0.51   59150     261   59023  2326880  39.34
1870-1879       33      0.00437  0.00436  0.51   58889     257   58764  2267857  38.51
1870-1879       34      0.00460  0.00458  0.51   58632     269   58501  2209093  37.68
1870-1879       35      0.00471  0.00470  0.51   58363     274   58228  2150592  36.85
1870-1879       36      0.00454  0.00453  0.51   58089     263   57960  2092364  36.02
1870-1879       37      0.00462  0.00461  0.51   57826     266   57696  2034404  35.18
1870-1879       38      0.00490  0.00489  0.51   57559     282   57421  1976709  34.34
1870-1879       39      0.00582  0.00580  0.50   57278     332   57111  1919288  33.51
1870-1879       40      0.00569  0.00568  0.50   56945     323   56783  1862177  32.70
1870-1879       41      0.00605  0.00603  0.50   56622     341   56451  1805394  31.88
1870-1879       42      0.00585  0.00583  0.50   56281     328   56116  1748943  31.08
1870-1879       43      0.00640  0.00638  0.50   55952     357   55775  1692827  30.25
1870-1879       44      0.00648  0.00645  0.50   55595     359   55416  1637052  29.45
1870-1879       45      0.00675  0.00673  0.50   55237     372   55051  1581636  28.63
1870-1879       46      0.00695  0.00693  0.50   54865     380   54676  1526585  27.82
1870-1879       47      0.00715  0.00712  0.50   54485     388   54292  1471910  27.02
1870-1879       48      0.00701  0.00698  0.51   54097     378   53911  1417618  26.21
1870-1879       49      0.00770  0.00767  0.50   53719     412   53513  1363707  25.39
1870-1879       50      0.00804  0.00800  0.51   53307     427   53096  1310194  24.58
1870-1879       51      0.00856  0.00852  0.51   52880     451   52661  1257098  23.77
1870-1879       52      0.00927  0.00923  0.51   52430     484   52192  1204437  22.97
1870-1879       53      0.00955  0.00950  0.51   51946     494   51704  1152245  22.18
1870-1879       54      0.01057  0.01052  0.51   51452     541   51185  1100541  21.39
1870-1879       55      0.01134  0.01127  0.51   50911     574   50629  1049356  20.61
1870-1879       56      0.01237  0.01230  0.50   50337     619   50031   998727  19.84
1870-1879       57      0.01397  0.01388  0.50   49718     690   49375   948696  19.08
1870-1879       58      0.01498  0.01487  0.51   49028     729   48668   899321  18.34
1870-1879       59      0.01596  0.01584  0.50   48299     765   47920   850653  17.61
1870-1879       60      0.01754  0.01739  0.51   47534     827   47129   802733  16.89
1870-1879       61      0.01965  0.01946  0.51   46708     909   46259   755603  16.18
1870-1879       62      0.02119  0.02097  0.51   45798     960   45328   709344  15.49
1870-1879       63      0.02292  0.02267  0.51   44838    1016   44338   664016  14.81
1870-1879       64      0.02626  0.02593  0.51   43822    1136   43267   619678  14.14
1870-1879       65      0.03034  0.02989  0.51   42686    1276   42062   576412  13.50
1870-1879       66      0.03302  0.03250  0.51   41410    1346   40756   534350  12.90
1870-1879       67      0.03541  0.03481  0.52   40064    1395   39388   493593  12.32
1870-1879       68      0.03921  0.03848  0.51   38669    1488   37945   454205  11.75
1870-1879       69      0.04285  0.04197  0.51   37181    1561   36422   416260  11.20
1870-1879       70      0.04552  0.04453  0.51   35620    1586   34849   379838  10.66
1870-1879       71      0.04908  0.04793  0.51   34034    1631   33234   344989  10.14
1870-1879       72      0.05238  0.05107  0.51   32403    1655   31594   311754   9.62
1870-1879       73      0.05834  0.05672  0.51   30748    1744   29897   280161   9.11
1870-1879       74      0.06327  0.06136  0.51   29004    1780   28131   250263   8.63
1870-1879       75      0.06706  0.06492  0.51   27224    1767   26354   222132   8.16
1870-1879       76      0.07237  0.06988  0.51   25457    1779   24579   195778   7.69
1870-1879       77      0.07952  0.07651  0.50   23678    1812   22781   171199   7.23
1870-1879       78      0.08897  0.08522  0.51   21866    1863   20944   148418   6.79
1870-1879       79      0.09910  0.09444  0.50   20003    1889   19063   127474   6.37
1870-1879       80      0.10802  0.10248  0.50   18114    1856   17185   108411   5.98
1870-1879       81      0.11876  0.11212  0.50   16258    1823   15349    91226   5.61
1870-1879       82      0.13266  0.12442  0.50   14435    1796   13537    75877   5.26
1870-1879       83      0.14752  0.13735  0.50   12639    1736   11768    62340   4.93
1870-1879       84      0.16103  0.14891  0.49   10903    1624   10082    50572   4.64
1870-1879       85      0.17401  0.15995  0.49    9279    1484    8529    40490   4.36
1870-1879       86      0.18962  0.17301  0.49    7795    1349    7112    31960   4.10
1870-1879       87      0.20523  0.18581  0.49    6446    1198    5836    24848   3.85
1870-1879       88      0.22309  0.20038  0.49    5249    1052    4714    19012   3.62
1870-1879       89      0.24184  0.21512  0.49    4197     903    3733    14297   3.41
1870-1879       90      0.25718  0.22719  0.49    3294     748    2910    10564   3.21
1870-1879       91      0.27911  0.24414  0.49    2546     621    2227     7654   3.01
1870-1879       92      0.30303  0.26195  0.48    1924     504    1663     5427   2.82
1870-1879       93      0.32794  0.28040  0.48    1420     398    1214     3764   2.65
1870-1879       94      0.35418  0.29879  0.48    1022     305     862     2550   2.50
1870-1879       95      0.37209  0.31138  0.48     717     223     600     1688   2.36
1870-1879       96      0.39949  0.33043  0.48     493     163     408     1088   2.20
1870-1879       97      0.44276  0.35923  0.47     330     119     268      680   2.06
1870-1879       98      0.47519  0.37857  0.46     212      80     169      412   1.95
1870-1879       99      0.56250  0.43739  0.49     132      58     102      243   1.85
1870-1879      100      0.47418  0.38095  0.48      74      28      59      141   1.90
1870-1879      101      0.47073  0.37458  0.45      46      17      36       81   1.78
1870-1879      102      0.61181  0.47059  0.51      29      13      22       45   1.57
1870-1879      103      0.60999  0.46465  0.49      15       7      12       23   1.51
1870-1879      104      0.63465  0.47170  0.46       8       4       6       11   1.39
1870-1879      105      0.84064  0.57143  0.44       4       2       3        5   1.23
1870-1879      106      0.64245  0.50000  0.56       2       1       1        2   1.28
1870-1879      107      0.64347  0.50000  0.55       1       0       1        1   1.00
1870-1879      108      2.23968  1.00000  0.45       0       0       0        0   0.45
1870-1879      109            .        .     .       0       0       0        0      .
1870-1879      110+           .        .     .       0       0       0        0      .
1880-1889        0      0.24836  0.21154  0.30  100000   21154   85173  4750449  47.50
1880-1889        1      0.05796  0.05624  0.47   78846    4434   76504  4665275  59.17
1880-1889        2      0.02467  0.02436  0.48   74412    1813   73466  4588771  61.67
1880-1889        3      0.01646  0.01632  0.49   72600    1185   71990  4515305  62.19
1880-1889        4      0.01141  0.01134  0.48   71414     810   70997  4443315  62.22
1880-1889        5      0.00815  0.00812  0.49   70604     573   70311  4372318  61.93
1880-1889        6      0.00618  0.00616  0.48   70031     431   69809  4302007  61.43
1880-1889        7      0.00462  0.00461  0.49   69600     321   69437  4232198  60.81
1880-1889        8      0.00360  0.00359  0.50   69279     249   69155  4162762  60.09
1880-1889        9      0.00324  0.00324  0.49   69031     223   68917  4093606  59.30
1880-1889       10      0.00274  0.00274  0.49   68807     189   68712  4024689  58.49
1880-1889       11      0.00242  0.00242  0.50   68619     166   68535  3955977  57.65
1880-1889       12      0.00241  0.00241  0.49   68453     165   68369  3887442  56.79
1880-1889       13      0.00245  0.00245  0.50   68288     167   68204  3819073  55.93
1880-1889       14      0.00260  0.00260  0.50   68120     177   68032  3750868  55.06
1880-1889       15      0.00278  0.00277  0.50   67943     189   67849  3682836  54.20
1880-1889       16      0.00333  0.00333  0.50   67755     226   67643  3614988  53.35
1880-1889       17      0.00378  0.00377  0.50   67529     254   67403  3547345  52.53
1880-1889       18      0.00440  0.00439  0.50   67275     295   67128  3479942  51.73
1880-1889       19      0.00493  0.00492  0.51   66980     330   66819  3412814  50.95
1880-1889       20      0.00495  0.00494  0.50   66650     329   66486  3345995  50.20
1880-1889       21      0.00487  0.00486  0.50   66321     322   66160  3279508  49.45
1880-1889       22      0.00472  0.00470  0.50   65998     311   65842  3213348  48.69
1880-1889       23      0.00444  0.00443  0.50   65688     291   65542  3147506  47.92
1880-1889       24      0.00427  0.00426  0.50   65397     279   65258  3081964  47.13
1880-1889       25      0.00406  0.00405  0.50   65118     264   64987  3016706  46.33
1880-1889       26      0.00398  0.00397  0.51   64854     258   64728  2951719  45.51
1880-1889       27      0.00384  0.00383  0.50   64597     247   64474  2886992  44.69
1880-1889       28      0.00411  0.00410  0.51   64349     264   64220  2822518  43.86
1880-1889       29      0.00462  0.00461  0.48   64085     295   63933  2758298  43.04
1880-1889       30      0.00488  0.00487  0.48   63790     311   63628  2694365  42.24
1880-1889       31      0.00477  0.00476  0.48   63480     302   63324  2630737  41.44
1880-1889       32      0.00478  0.00477  0.49   63178     301   63024  2567413  40.64
1880-1889       33      0.00469  0.00468  0.49   62876     294   62725  2504389  39.83
1880-1889       34      0.00448  0.00447  0.50   62582     280   62441  2441664  39.02
1880-1889       35      0.00441  0.00440  0.48   62302     274   62160  2379223  38.19
1880-1889       36      0.00466  0.00465  0.49   62028     288   61880  2317062  37.36
1880-1889       37      0.00443  0.00442  0.49   61740     273   61600  2255182  36.53
1880-1889       38      0.00438  0.00437  0.49   61467     269   61330  2193581  35.69
1880-1889       39      0.00386  0.00385  0.51   61198     236   61082  2132252  34.84
1880-1889       40      0.00396  0.00396  0.50   60962     241   60843  2071170  33.97
1880-1889       41      0.00388  0.00388  0.51   60721     235   60607  2010328  33.11
1880-1889       42      0.00403  0.00402  0.51   60486     243   60366  1949721  32.23
1880-1889       43      0.00438  0.00437  0.51   60243     263   60113  1889355  31.36
1880-1889       44      0.00453  0.00452  0.50   59979     271   59845  1829242  30.50
1880-1889       45      0.00500  0.00498  0.51   59708     298   59563  1769397  29.63
1880-1889       46      0.00500  0.00499  0.51   59410     296   59264  1709835  28.78
1880-1889       47      0.00560  0.00558  0.51   59114     330   58951  1650571  27.92
1880-1889       48      0.00587  0.00586  0.51   58784     344   58614  1591620  27.08
1880-1889       49      0.00637  0.00635  0.50   58439     371   58255  1533005  26.23
1880-1889       50      0.00697  0.00694  0.51   58068     403   57869  1474751  25.40
1880-1889       51      0.00735  0.00733  0.51   57665     423   57458  1416881  24.57
1880-1889       52      0.00831  0.00828  0.51   57243     474   57010  1359424  23.75
1880-1889       53      0.00949  0.00945  0.51   56769     536   56506  1302414  22.94
1880-1889       54      0.01024  0.01019  0.51   56232     573   55952  1245908  22.16
1880-1889       55      0.01200  0.01193  0.51   55659     664   55335  1189956  21.38
1880-1889       56      0.01322  0.01313  0.51   54996     722   54641  1134621  20.63
1880-1889       57      0.01394  0.01385  0.51   54273     752   53905  1079980  19.90
1880-1889       58      0.01545  0.01534  0.51   53522     821   53119  1026075  19.17
1880-1889       59      0.01612  0.01599  0.51   52701     843   52288   972957  18.46
1880-1889       60      0.01777  0.01761  0.51   51858     913   51411   920669  17.75
1880-1889       61      0.01831  0.01815  0.51   50945     925   50489   869258  17.06
1880-1889       62      0.01980  0.01961  0.51   50020     981   49537   818769  16.37
1880-1889       63      0.02131  0.02109  0.51   49039    1034   48531   769232  15.69
1880-1889       64      0.02290  0.02264  0.51   48005    1087   47471   720701  15.01
1880-1889       65      0.02376  0.02348  0.50   46918    1102   46371   673231  14.35
1880-1889       66      0.02561  0.02529  0.51   45816    1159   45247   626860  13.68
1880-1889       67      0.02826  0.02787  0.51   44658    1245   44042   581613  13.02
1880-1889       68      0.03118  0.03071  0.51   43413    1333   42755   537571  12.38
1880-1889       69      0.03435  0.03378  0.51   42080    1421   41377   494816  11.76
1880-1889       70      0.03756  0.03688  0.50   40659    1499   39915   453439  11.15
1880-1889       71      0.04160  0.04076  0.51   39160    1596   38372   413524  10.56
1880-1889       72      0.04675  0.04569  0.51   37563    1716   36714   375152   9.99
1880-1889       73      0.05179  0.05049  0.50   35847    1810   34949   338437   9.44
1880-1889       74      0.05753  0.05593  0.50   34037    1904   33094   303489   8.92
1880-1889       75      0.06373  0.06177  0.50   32133    1985   31145   270394   8.41
1880-1889       76      0.06997  0.06762  0.50   30148    2039   29134   239249   7.94
1880-1889       77      0.07744  0.07457  0.50   28110    2096   27067   210115   7.47
1880-1889       78      0.08556  0.08206  0.50   26014    2135   24948   183049   7.04
1880-1889       79      0.09392  0.08971  0.50   23879    2142   22808   158101   6.62
1880-1889       80      0.10371  0.09860  0.50   21737    2143   20666   135293   6.22
1880-1889       81      0.11481  0.10855  0.50   19594    2127   18527   114627   5.85
1880-1889       82      0.12542  0.11797  0.50   17467    2061   16429    96100   5.50
1880-1889       83      0.13669  0.12789  0.50   15406    1970   14413    79671   5.17
1880-1889       84      0.14986  0.13932  0.50   13436    1872   12491    65258   4.86
1880-1889       85      0.16556  0.15278  0.50   11564    1767   10672    52767   4.56
1880-1889       86      0.18023  0.16506  0.49    9797    1617    8972    42095   4.30
1880-1889       87      0.19407  0.17664  0.49    8180    1445    7445    33122   4.05
1880-1889       88      0.21107  0.19051  0.49    6735    1283    6079    25677   3.81
1880-1889       89      0.22525  0.20186  0.49    5452    1101    4886    19598   3.59
1880-1889       90      0.24011  0.21376  0.49    4352     930    3874    14712   3.38
1880-1889       91      0.26046  0.22976  0.49    3421     786    3018    10838   3.17
1880-1889       92      0.28651  0.24990  0.49    2635     659    2299     7820   2.97
1880-1889       93      0.31265  0.26917  0.48    1977     532    1702     5522   2.79
1880-1889       94      0.32377  0.27783  0.49    1445     401    1240     3820   2.64
1880-1889       95      0.35393  0.29946  0.49    1043     312     883     2580   2.47
1880-1889       96      0.39682  0.32979  0.49     731     241     607     1697   2.32
1880-1889       97      0.40599  0.33583  0.49     490     164     405     1090   2.23
1880-1889       98      0.43740  0.35928  0.50     325     117     267      685   2.10
1880-1889       99      0.46202  0.37530  0.50     208      78     169      418   2.00
1880-1889      100      0.49886  0.39653  0.48     130      52     104      248   1.91
1880-1889      101      0.48655  0.38959  0.49      79      31      63      145   1.84
1880-1889      102      0.47794  0.38235  0.48      48      18      38       82   1.70
1880-1889      103      0.63966  0.47619  0.46      30      14      22       43   1.46
1880-1889      104      0.66532  0.50000  0.50      16       8      12       21   1.38
1880-1889      105      0.87931  0.61818  0.52       8       5       5       10   1.25
1880-1889      106      0.33333  0.28571  0.50       3       1       3        4   1.42
1880-1889      107      1.24138  0.80000  0.56       2       2       1        2   0.79
1880-1889      108      1.04348  0.66667  0.46       0       0       0        0   0.75
1880-1889      109      3.00000  1.00000  0.33       0       0       0        0   0.33
1880-1889      110+           .        .     .       0       0       0        0      .
1890-1899        0      0.21510  0.18692  0.30  100000   18692   86899  5139055  51.39
1890-1899        1      0.04454  0.04351  0.47   81308    3538   79432  5052156  62.14
1890-1899        2      0.01710  0.01695  0.48   77770    1318   77083  4972724  63.94
1890-1899        3      0.01047  0.01041  0.49   76452     796   76042  4895641  64.04
1890-1899        4      0.00728  0.00725  0.49   75656     549   75375  4819599  63.70
1890-1899        5      0.00528  0.00526  0.49   75107     395   74906  4744224  63.17
1890-1899        6      0.00426  0.00425  0.50   74711     318   74551  4669318  62.50
1890-1899        7      0.00344  0.00344  0.50   74394     256   74265  4594767  61.76
1890-1899        8      0.00277  0.00276  0.50   74138     205   74036  4520502  60.97
1890-1899        9      0.00239  0.00239  0.50   73933     176   73844  4446466  60.14
1890-1899       10      0.00224  0.00223  0.49   73757     165   73672  4372622  59.28
1890-1899       11      0.00202  0.00201  0.50   73592     148   73518  4298949  58.42
1890-1899       12      0.00186  0.00186  0.50   73444     137   73375  4225432  57.53
1890-1899       13      0.00187  0.00187  0.50   73307     137   73238  4152057  56.64
1890-1899       14      0.00204  0.00203  0.50   73170     149   73096  4078819  55.74
1890-1899       15      0.00223  0.00223  0.51   73021     163   72942  4005723  54.86
1890-1899       16      0.00256  0.00256  0.50   72858     186   72765  3932781  53.98
1890-1899       17      0.00318  0.00318  0.51   72672     231   72559  3860016  53.12
1890-1899       18      0.00378  0.00378  0.52   72441     274   72308  3787457  52.28
1890-1899       19      0.00475  0.00474  0.50   72167     342   71997  3715148  51.48
1890-1899       20      0.00478  0.00477  0.50   71826     343   71655  3643151  50.72
1890-1899       21      0.00485  0.00484  0.50   71483     346   71309  3571496  49.96
1890-1899       22      0.00467  0.00466  0.49   71137     332   70969  3500187  49.20
1890-1899       23      0.00463  0.00462  0.50   70805     327   70641  3429219  48.43
1890-1899       24      0.00461  0.00460  0.49   70478     324   70314  3358578  47.65
1890-1899       25      0.00443  0.00442  0.48   70154     310   69993  3288264  46.87
1890-1899       26      0.00431  0.00430  0.49   69844     300   69691  3218271  46.08
1890-1899       27      0.00406  0.00405  0.49   69544     282   69399  3148581  45.27
1890-1899       28      0.00370  0.00369  0.49   69262     256   69130  3079181  44.46
1890-1899       29      0.00302  0.00302  0.50   69006     208   68903  3010051  43.62
1890-1899       30      0.00281  0.00281  0.51   68798     193   68704  2941148  42.75
1890-1899       31      0.00290  0.00290  0.51   68605     199   68508  2872445  41.87
1890-1899       32      0.00272  0.00272  0.50   68406     186   68313  2803936  40.99
1890-1899       33      0.00279  0.00279  0.51   68221     190   68127  2735623  40.10
1890-1899       34      0.00266  0.00266  0.51   68030     181   67941  2667496  39.21
1890-1899       35      0.00281  0.00280  0.51   67849     190   67757  2599555  38.31
1890-1899       36      0.00305  0.00305  0.51   67659     206   67557  2531798  37.42
1890-1899       37      0.00302  0.00302  0.50   67453     204   67351  2464241  36.53
1890-1899       38      0.00301  0.00300  0.51   67249     202   67151  2396890  35.64
1890-1899       39      0.00320  0.00319  0.51   67047     214   66942  2329739  34.75
1890-1899       40      0.00340  0.00340  0.51   66833     227   66722  2262797  33.86
1890-1899       41      0.00339  0.00339  0.52   66606     226   66497  2196075  32.97
1890-1899       42      0.00391  0.00390  0.50   66381     259   66252  2129578  32.08
1890-1899       43      0.00412  0.00411  0.51   66122     272   65989  2063326  31.21
1890-1899       44      0.00473  0.00472  0.51   65850     311   65697  1997336  30.33
1890-1899       45      0.00624  0.00622  0.52   65539     408   65342  1931639  29.47
1890-1899       46      0.00645  0.00642  0.51   65131     418   64926  1866297  28.65
1890-1899       47      0.00688  0.00686  0.51   64712     444   64495  1801371  27.84
1890-1899       48      0.00701  0.00699  0.51   64269     449   64050  1736876  27.03
1890-1899       49      0.00740  0.00737  0.51   63820     471   63590  1672826  26.21
1890-1899       50      0.00807  0.00803  0.51   63349     509   63098  1609236  25.40
1890-1899       51      0.00831  0.00827  0.51   62840     520   62585  1546138  24.60
1890-1899       52      0.00854  0.00851  0.51   62321     530   62060  1483553  23.81
1890-1899       53      0.00913  0.00909  0.51   61790     562   61514  1421493  23.01
1890-1899       54      0.00965  0.00961  0.51   61229     588   60938  1359979  22.21
1890-1899       55      0.00949  0.00945  0.51   60640     573   60358  1299042  21.42
1890-1899       56      0.01015  0.01010  0.51   60067     607   59769  1238684  20.62
1890-1899       57      0.01119  0.01113  0.51   59461     662   59136  1178915  19.83
1890-1899       58      0.01246  0.01238  0.51   58799     728   58441  1119778  19.04
1890-1899       59      0.01368  0.01359  0.51   58071     789   57685  1061337  18.28
1890-1899       60      0.01520  0.01509  0.51   57281     864   56856  1003653  17.52
1890-1899       61      0.01682  0.01668  0.51   56417     941   55956   946797  16.78
1890-1899       62      0.01865  0.01849  0.51   55476    1025   54972   890841  16.06
1890-1899       63      0.02056  0.02035  0.51   54451    1108   53906   835869  15.35
1890-1899       64      0.02285  0.02259  0.51   53342    1205   52751   781963  14.66
1890-1899       65      0.02551  0.02519  0.51   52137    1313   51492   729212  13.99
1890-1899       66      0.02817  0.02778  0.51   50824    1412   50128   677720  13.33
1890-1899       67      0.03105  0.03058  0.51   49412    1511   48668   627592  12.70
1890-1899       68      0.03450  0.03392  0.51   47901    1625   47101   578924  12.09
1890-1899       69      0.03810  0.03739  0.51   46276    1730   45421   531823  11.49
1890-1899       70      0.04169  0.04085  0.51   44545    1820   43646   486401  10.92
1890-1899       71      0.04627  0.04524  0.51   42725    1933   41774   442755  10.36
1890-1899       72      0.05156  0.05027  0.51   40792    2051   39779   400981   9.83
1890-1899       73      0.05678  0.05523  0.51   38742    2140   37682   361202   9.32
1890-1899       74      0.06234  0.06047  0.50   36602    2213   35505   323520   8.84
1890-1899       75      0.06845  0.06620  0.50   34389    2277   33260   288015   8.38
1890-1899       76      0.07540  0.07268  0.50   32112    2334   30954   254756   7.93
1890-1899       77      0.08219  0.07895  0.50   29778    2351   28605   223802   7.52
1890-1899       78      0.08877  0.08501  0.50   27427    2332   26265   195197   7.12
1890-1899       79      0.09629  0.09187  0.50   25095    2306   23943   168932   6.73
1890-1899       80      0.10438  0.09921  0.50   22790    2261   21659   144989   6.36
1890-1899       81      0.11367  0.10755  0.50   20529    2208   19423   123329   6.01
1890-1899       82      0.12134  0.11439  0.50   18321    2096   17270   103906   5.67
1890-1899       83      0.13182  0.12365  0.50   16225    2006   15220    86636   5.34
1890-1899       84      0.14266  0.13310  0.50   14219    1893   13267    71416   5.02
1890-1899       85      0.15725  0.14575  0.50   12327    1797   11424    58149   4.72
1890-1899       86      0.17112  0.15758  0.50   10530    1659    9697    46725   4.44
1890-1899       87      0.18368  0.16826  0.50    8871    1493    8126    37028   4.17
1890-1899       88      0.19723  0.17945  0.50    7378    1324    6713    28902   3.92
1890-1899       89      0.21325  0.19273  0.50    6054    1167    5471    22189   3.67
1890-1899       90      0.23453  0.20996  0.50    4887    1026    4375    16718   3.42
1890-1899       91      0.25578  0.22671  0.50    3861     875    3422    12343   3.20
1890-1899       92      0.27484  0.24142  0.50    2986     721    2623     8920   2.99
1890-1899       93      0.29443  0.25663  0.50    2265     581    1974     6297   2.78
1890-1899       94      0.33891  0.28948  0.50    1684     487    1438     4323   2.57
1890-1899       95      0.35750  0.30257  0.49    1196     362    1012     2885   2.41
1890-1899       96      0.38726  0.32364  0.49     834     270     697     1873   2.24
1890-1899       97      0.41918  0.34548  0.49     564     195     465     1175   2.08
1890-1899       98      0.47735  0.38350  0.49     369     142     297      710   1.92
1890-1899       99      0.46946  0.37945  0.49     228      86     184      414   1.82
1890-1899      100      0.58195  0.44768  0.48     141      63     109      230   1.63
1890-1899      101      0.61592  0.47144  0.50      78      37      60      121   1.55
1890-1899      102      0.70324  0.51530  0.48      41      21      30       61   1.48
1890-1899      103      0.65441  0.49578  0.51      20      10      15       31   1.55
1890-1899      104      0.60614  0.45945  0.47      10       5       8       16   1.57
1890-1899      105      0.63496  0.48287  0.50       5       3       4        8   1.50
1890-1899      106      0.48823  0.38592  0.46       3       1       2        4   1.44
1890-1899      107      1.00038  0.66964  0.51       2       1       1        2   1.06
1890-1899      108      1.26054  0.77652  0.51       1       0       0        1   1.17
1890-1899      109      0.00000  0.00000  0.50       0       0       0        0   2.48
1890-1899      110+     0.67720  1.00000  1.48       0       0       0        0   1.48
1900-1909        0      0.17088  0.15260  0.30  100000   15260   89304  5530687  55.31
1900-1909        1      0.03569  0.03502  0.47   84740    2968   83157  5441383  64.21
1900-1909        2      0.01241  0.01233  0.48   81772    1008   81249  5358226  65.53
1900-1909        3      0.00744  0.00741  0.49   80764     598   80457  5276976  65.34
1900-1909        4      0.00526  0.00524  0.49   80165     420   79951  5196520  64.82
1900-1909        5      0.00399  0.00398  0.50   79745     317   79587  5116568  64.16
1900-1909        6      0.00318  0.00318  0.50   79428     252   79302  5036982  63.42
1900-1909        7      0.00258  0.00257  0.50   79175     204   79073  4957679  62.62
1900-1909        8      0.00231  0.00231  0.51   78972     182   78881  4878606  61.78
1900-1909        9      0.00208  0.00207  0.49   78789     163   78707  4799725  60.92
1900-1909       10      0.00207  0.00207  0.50   78626     162   78545  4721018  60.04
1900-1909       11      0.00194  0.00193  0.50   78464     152   78387  4642473  59.17
1900-1909       12      0.00174  0.00174  0.50   78312     136   78243  4564086  58.28
1900-1909       13      0.00182  0.00182  0.50   78175     142   78104  4485843  57.38
1900-1909       14      0.00206  0.00206  0.51   78033     161   77954  4407739  56.49
1900-1909       15      0.00243  0.00243  0.50   77872     189   77778  4329785  55.60
1900-1909       16      0.00281  0.00281  0.49   77683     218   77573  4252008  54.74
1900-1909       17      0.00308  0.00307  0.50   77465     238   77346  4174435  53.89
1900-1909       18      0.00315  0.00315  0.49   77227     243   77103  4097088  53.05
1900-1909       19      0.00304  0.00303  0.50   76984     233   76868  4019985  52.22
1900-1909       20      0.00293  0.00293  0.50   76751     225   76639  3943117  51.38
1900-1909       21      0.00289  0.00289  0.51   76526     221   76418  3866478  50.53
1900-1909       22      0.00287  0.00286  0.51   76305     218   76197  3790060  49.67
1900-1909       23      0.00274  0.00274  0.51   76087     208   75985  3713863  48.81
1900-1909       24      0.00252  0.00251  0.51   75878     191   75784  3637878  47.94
1900-1909       25      0.00243  0.00243  0.51   75688     184   75598  3562094  47.06
1900-1909       26      0.00234  0.00234  0.50   75504     176   75416  3486496  46.18
1900-1909       27      0.00230  0.00230  0.50   75327     173   75242  3411080  45.28
1900-1909       28      0.00216  0.00216  0.50   75154     162   75073  3335838  44.39
1900-1909       29      0.00215  0.00214  0.50   74992     161   74912  3260765  43.48
1900-1909       30      0.00238  0.00238  0.51   74831     178   74744  3185854  42.57
1900-1909       31      0.00228  0.00227  0.52   74653     170   74571  3111110  41.67
1900-1909       32      0.00250  0.00250  0.52   74483     186   74393  3036539  40.77
1900-1909       33      0.00268  0.00267  0.52   74298     199   74202  2962145  39.87
1900-1909       34      0.00311  0.00311  0.51   74099     230   73987  2887944  38.97
1900-1909       35      0.00364  0.00363  0.52   73868     268   73741  2813957  38.09
1900-1909       36      0.00410  0.00409  0.51   73600     301   73453  2740216  37.23
1900-1909       37      0.00408  0.00407  0.52   73299     298   73155  2666763  36.38
1900-1909       38      0.00398  0.00397  0.51   73001     290   72858  2593608  35.53
1900-1909       39      0.00427  0.00426  0.50   72711     310   72556  2520750  34.67
1900-1909       40      0.00426  0.00425  0.51   72401     308   72251  2448194  33.81
1900-1909       41      0.00419  0.00418  0.51   72093     301   71945  2375943  32.96
1900-1909       42      0.00430  0.00429  0.50   71792     308   71639  2303998  32.09
1900-1909       43      0.00433  0.00433  0.50   71484     309   71331  2232359  31.23
1900-1909       44      0.00435  0.00434  0.51   71175     309   71022  2161028  30.36
1900-1909       45      0.00394  0.00394  0.50   70866     279   70726  2090005  29.49
1900-1909       46      0.00391  0.00390  0.51   70587     275   70452  2019279  28.61
1900-1909       47      0.00417  0.00416  0.51   70312     293   70168  1948827  27.72
1900-1909       48      0.00459  0.00458  0.51   70019     320   69862  1878659  26.83
1900-1909       49      0.00499  0.00498  0.51   69699     347   69528  1808797  25.95
1900-1909       50      0.00565  0.00564  0.52   69352     391   69163  1739269  25.08
1900-1909       51      0.00637  0.00635  0.51   68961     438   68745  1670106  24.22
1900-1909       52      0.00705  0.00702  0.51   68523     481   68289  1601360  23.37
1900-1909       53      0.00795  0.00792  0.51   68042     539   67779  1533071  22.53
1900-1909       54      0.00887  0.00883  0.51   67503     596   67211  1465293  21.71
1900-1909       55      0.00992  0.00987  0.51   66907     660   66585  1398081  20.90
1900-1909       56      0.01108  0.01102  0.51   66246     730   65889  1331497  20.10
1900-1909       57      0.01244  0.01236  0.51   65516     810   65122  1265607  19.32
1900-1909       58      0.01406  0.01396  0.51   64706     903   64266  1200486  18.55
1900-1909       59      0.01560  0.01548  0.51   63803     988   63318  1136220  17.81
1900-1909       60      0.01732  0.01718  0.51   62815    1079   62288  1072902  17.08
1900-1909       61      0.01932  0.01914  0.51   61736    1181   61157  1010614  16.37
1900-1909       62      0.02154  0.02132  0.51   60555    1291   59924   949457  15.68
1900-1909       63      0.02375  0.02348  0.51   59264    1392   58579   889533  15.01
1900-1909       64      0.02599  0.02566  0.51   57872    1485   57143   830954  14.36
1900-1909       65      0.02879  0.02839  0.51   56387    1601   55602   773811  13.72
1900-1909       66      0.03164  0.03116  0.51   54786    1707   53946   718209  13.11
1900-1909       67      0.03476  0.03417  0.51   53079    1814   52188   664263  12.51
1900-1909       68      0.03824  0.03753  0.51   51265    1924   50318   612075  11.94
1900-1909       69      0.04118  0.04036  0.50   49341    1991   48355   561758  11.39
1900-1909       70      0.04459  0.04363  0.51   47350    2066   46333   513403  10.84
1900-1909       71      0.04887  0.04772  0.51   45284    2161   44217   467070  10.31
1900-1909       72      0.05337  0.05200  0.50   43123    2242   42012   422852   9.81
1900-1909       73      0.05735  0.05576  0.50   40880    2280   39749   380840   9.32
1900-1909       74      0.06294  0.06103  0.50   38601    2356   37432   341091   8.84
1900-1909       75      0.06829  0.06605  0.50   36245    2394   35059   303659   8.38
1900-1909       76      0.07448  0.07182  0.50   33851    2431   32643   268600   7.93
1900-1909       77      0.08048  0.07738  0.50   31420    2431   30209   235957   7.51
1900-1909       78      0.08711  0.08350  0.50   28988    2421   27787   205748   7.10
1900-1909       79      0.09486  0.09058  0.50   26568    2407   25370   177960   6.70
1900-1909       80      0.10284  0.09782  0.50   24161    2363   22981   152591   6.32
1900-1909       81      0.11156  0.10567  0.50   21798    2303   20647   129609   5.95
1900-1909       82      0.12102  0.11414  0.50   19494    2225   18385   108962   5.59
1900-1909       83      0.13230  0.12416  0.50   17269    2144   16207    90577   5.24
1900-1909       84      0.14543  0.13557  0.50   15125    2051   14100    74370   4.92
1900-1909       85      0.15840  0.14677  0.50   13075    1919   12115    60270   4.61
1900-1909       86      0.17329  0.15950  0.50   11156    1779   10268    48155   4.32
1900-1909       87      0.18971  0.17332  0.50    9376    1625    8566    37887   4.04
1900-1909       88      0.20616  0.18690  0.50    7751    1449    7027    29321   3.78
1900-1909       89      0.22747  0.20433  0.50    6303    1288    5661    22294   3.54
1900-1909       90      0.24457  0.21800  0.50    5015    1093    4470    16632   3.32
1900-1909       91      0.26969  0.23754  0.50    3922     932    3454    12162   3.10
1900-1909       92      0.29069  0.25367  0.50    2990     758    2609     8708   2.91
1900-1909       93      0.31027  0.26868  0.50    2232     600    1932     6099   2.73
1900-1909       94      0.34065  0.29103  0.50    1632     475    1394     4167   2.55
1900-1909       95      0.36825  0.31046  0.49    1157     359     975     2773   2.40
1900-1909       96      0.39497  0.32906  0.49     798     263     665     1797   2.25
1900-1909       97      0.42099  0.34710  0.49     535     186     441     1132   2.12
1900-1909       98      0.46657  0.37784  0.50     349     132     283      691   1.98
1900-1909       99      0.48530  0.38954  0.49     217      85     175      408   1.88
1900-1909      100      0.53185  0.41766  0.49     133      55     104      234   1.76
1900-1909      101      0.53461  0.41941  0.49      77      32      61      129   1.67
1900-1909      102      0.64288  0.48298  0.49      45      22      34       69   1.53
1900-1909      103      0.64489  0.48346  0.48      23      11      17       35   1.51
1900-1909      104      0.59523  0.45394  0.48      12       5       9       18   1.47
1900-1909      105      0.63736  0.48063  0.49       7       3       5        8   1.29
1900-1909      106      0.97341  0.64651  0.48       3       2       2        3   1.03
1900-1909      107      0.89385  0.60900  0.48       1       1       1        1   1.02
1900-1909      108      1.42047  0.77837  0.42       0       0       0        0   0.87
1900-1909      109      0.00000  0.00000  0.50       0       0       0        0   1.45
1900-1909      110+     2.22654  1.00000  0.45       0       0       0        0   0.45
1910-1919        0      0.12584  0.11564  0.30  100000   11564   91895  5929476  59.29
1910-1919        1      0.02863  0.02821  0.47   88436    2495   87125  5837581  66.01
1910-1919        2      0.01135  0.01128  0.49   85941     970   85442  5750456  66.91
1910-1919        3      0.00687  0.00685  0.49   84972     582   84676  5665014  66.67
1910-1919        4      0.00478  0.00477  0.49   84390     403   84186  5580338  66.13
1910-1919        5      0.00369  0.00368  0.49   83987     309   83830  5496152  65.44
1910-1919        6      0.00291  0.00291  0.49   83678     243   83554  5412322  64.68
1910-1919        7      0.00228  0.00228  0.49   83435     190   83339  5328769  63.87
1910-1919        8      0.00185  0.00184  0.50   83245     153   83168  5245430  63.01
1910-1919        9      0.00148  0.00148  0.51   83091     123   83031  5162262  62.13
1910-1919       10      0.00132  0.00132  0.51   82968     109   82915  5079231  61.22
1910-1919       11      0.00124  0.00124  0.51   82859     103   82808  4996316  60.30
1910-1919       12      0.00119  0.00119  0.51   82756      98   82708  4913508  59.37
1910-1919       13      0.00125  0.00125  0.51   82658     103   82607  4830799  58.44
1910-1919       14      0.00134  0.00134  0.51   82555     110   82500  4748193  57.52
1910-1919       15      0.00147  0.00147  0.52   82444     121   82386  4665692  56.59
1910-1919       16      0.00161  0.00161  0.52   82323     132   82259  4583306  55.67
1910-1919       17      0.00180  0.00180  0.51   82191     148   82117  4501047  54.76
1910-1919       18      0.00201  0.00200  0.51   82042     164   81961  4418930  53.86
1910-1919       19      0.00200  0.00200  0.51   81878     163   81797  4336968  52.97
1910-1919       20      0.00217  0.00216  0.52   81715     177   81629  4255171  52.07
1910-1919       21      0.00240  0.00240  0.51   81538     196   81443  4173542  51.19
1910-1919       22      0.00241  0.00241  0.51   81342     196   81246  4092099  50.31
1910-1919       23      0.00248  0.00247  0.52   81146     201   81049  4010853  49.43
1910-1919       24      0.00280  0.00279  0.51   80945     226   80833  3929804  48.55
1910-1919       25      0.00355  0.00355  0.52   80719     286   80582  3848971  47.68
1910-1919       26      0.00391  0.00390  0.51   80433     314   80279  3768389  46.85
1910-1919       27      0.00376  0.00375  0.50   80119     301   79969  3688110  46.03
1910-1919       28      0.00368  0.00368  0.50   79818     293   79672  3608141  45.20
1910-1919       29      0.00364  0.00363  0.51   79525     289   79383  3528469  44.37
1910-1919       30      0.00353  0.00353  0.50   79236     279   79096  3449086  43.53
1910-1919       31      0.00316  0.00315  0.51   78957     249   78834  3369990  42.68
1910-1919       32      0.00296  0.00296  0.51   78708     233   78593  3291155  41.81
1910-1919       33      0.00283  0.00283  0.50   78475     222   78364  3212563  40.94
1910-1919       34      0.00263  0.00263  0.50   78253     206   78150  3134199  40.05
1910-1919       35      0.00198  0.00198  0.47   78047     154   77966  3056049  39.16
1910-1919       36      0.00164  0.00164  0.51   77893     127   77830  2978083  38.23
1910-1919       37      0.00169  0.00169  0.50   77766     132   77700  2900253  37.29
1910-1919       38      0.00181  0.00181  0.51   77634     141   77565  2822553  36.36
1910-1919       39      0.00194  0.00194  0.51   77493     151   77419  2744988  35.42
1910-1919       40      0.00202  0.00202  0.50   77343     156   77265  2667569  34.49
1910-1919       41      0.00215  0.00214  0.51   77187     166   77105  2590304  33.56
1910-1919       42      0.00244  0.00244  0.52   77021     188   76930  2513198  32.63
1910-1919       43      0.00273  0.00273  0.51   76833     210   76730  2436268  31.71
1910-1919       44      0.00297  0.00297  0.51   76623     227   76512  2359539  30.79
1910-1919       45      0.00331  0.00330  0.51   76396     252   76272  2283027  29.88
1910-1919       46      0.00371  0.00371  0.51   76144     282   76006  2206754  28.98
1910-1919       47      0.00420  0.00419  0.51   75861     318   75706  2130748  28.09
1910-1919       48      0.00482  0.00481  0.51   75544     363   75367  2055042  27.20
1910-1919       49      0.00537  0.00535  0.51   75180     403   74982  1979675  26.33
1910-1919       50      0.00593  0.00591  0.51   74778     442   74562  1904693  25.47
1910-1919       51      0.00670  0.00668  0.51   74336     496   74093  1830131  24.62
1910-1919       52      0.00760  0.00757  0.51   73839     559   73567  1756038  23.78
1910-1919       53      0.00868  0.00864  0.51   73280     633   72971  1682472  22.96
1910-1919       54      0.00969  0.00964  0.51   72647     700   72303  1609500  22.16
1910-1919       55      0.01065  0.01060  0.51   71947     762   71573  1537198  21.37
1910-1919       56      0.01179  0.01172  0.51   71185     834   70775  1465625  20.59
1910-1919       57      0.01298  0.01290  0.51   70350     908   69904  1394850  19.83
1910-1919       58      0.01412  0.01402  0.51   69443     974   68963  1324945  19.08
1910-1919       59      0.01547  0.01535  0.51   68469    1051   67954  1255983  18.34
1910-1919       60      0.01722  0.01708  0.51   67418    1151   66853  1188029  17.62
1910-1919       61      0.01872  0.01855  0.51   66266    1229   65660  1121176  16.92
1910-1919       62      0.02031  0.02011  0.51   65037    1308   64395  1055516  16.23
1910-1919       63      0.02237  0.02213  0.51   63729    1410   63031   991121  15.55
1910-1919       64      0.02411  0.02383  0.51   62319    1485   61585   928090  14.89
1910-1919       65      0.02670  0.02635  0.51   60834    1603   60042   866505  14.24
1910-1919       66      0.02895  0.02854  0.50   59231    1690   58391   806462  13.62
1910-1919       67      0.03215  0.03165  0.50   57541    1821   56637   748071  13.00
1910-1919       68      0.03482  0.03423  0.50   55720    1907   54772   691434  12.41
1910-1919       69      0.03762  0.03693  0.50   53813    1987   52823   636663  11.83
1910-1919       70      0.04082  0.04000  0.50   51825    2073   50793   583840  11.27
1910-1919       71      0.04444  0.04348  0.50   49752    2163   48677   533047  10.71
1910-1919       72      0.04887  0.04771  0.50   47589    2270   46457   484370  10.18
1910-1919       73      0.05335  0.05197  0.50   45318    2355   44146   437913   9.66
1910-1919       74      0.05781  0.05618  0.50   42963    2414   41757   393767   9.17
1910-1919       75      0.06334  0.06140  0.50   40550    2490   39309   352010   8.68
1910-1919       76      0.06958  0.06724  0.50   38060    2559   36781   312700   8.22
1910-1919       77      0.07529  0.07258  0.50   35501    2576   34223   275919   7.77
1910-1919       78      0.08210  0.07887  0.50   32924    2597   31631   241696   7.34
1910-1919       79      0.09059  0.08667  0.50   30327    2628   29015   210065   6.93
1910-1919       80      0.09769  0.09315  0.50   27699    2580   26413   181051   6.54
1910-1919       81      0.10750  0.10205  0.50   25119    2563   23845   154637   6.16
1910-1919       82      0.11595  0.10964  0.50   22555    2473   21328   130793   5.80
1910-1919       83      0.12868  0.12094  0.50   20082    2429   18874   109465   5.45
1910-1919       84      0.14017  0.13100  0.50   17653    2313   16499    90591   5.13
1910-1919       85      0.14946  0.13904  0.50   15341    2133   14271    74093   4.83
1910-1919       86      0.16400  0.15158  0.50   13208    2002   12208    59821   4.53
1910-1919       87      0.17762  0.16312  0.50   11206    1828   10291    47614   4.25
1910-1919       88      0.19605  0.17854  0.50    9378    1674    8540    37323   3.98
1910-1919       89      0.21018  0.19014  0.50    7704    1465    6969    28782   3.74
1910-1919       90      0.22932  0.20558  0.50    6239    1283    5593    21814   3.50
1910-1919       91      0.25071  0.22261  0.50    4956    1103    4401    16221   3.27
1910-1919       92      0.26705  0.23545  0.50    3853     907    3397    11820   3.07
1910-1919       93      0.29707  0.25847  0.50    2946     761    2563     8423   2.86
1910-1919       94      0.31942  0.27527  0.50    2184     601    1882     5860   2.68
1910-1919       95      0.34515  0.29389  0.49    1583     465    1348     3978   2.51
1910-1919       96      0.37085  0.31236  0.50    1118     349     942     2630   2.35
1910-1919       97      0.38597  0.32282  0.49     769     248     643     1688   2.20
1910-1919       98      0.43801  0.35860  0.49     521     187     426     1045   2.01
1910-1919       99      0.48505  0.38953  0.49     334     130     268      619   1.85
1910-1919      100      0.52324  0.41178  0.48     204      84     160      351   1.72
1910-1919      101      0.58079  0.44539  0.48     120      53      92      191   1.59
1910-1919      102      0.63583  0.47640  0.47      66      32      50       99   1.48
1910-1919      103      0.62437  0.47204  0.48      35      16      26       49   1.40
1910-1919      104      0.71095  0.51926  0.48      18      10      13       22   1.22
1910-1919      105      0.78440  0.55327  0.47       9       5       6        9   1.03
1910-1919      106      1.31281  0.77589  0.47       4       3       2        3   0.72
1910-1919      107      1.64103  0.86514  0.45       1       1       0        1   0.57
1910-1919      108      2.96318  1.00000  0.34       0       0       0        0   0.34
1910-1919      109            .        .     .       0       0       0        0      .
1910-1919      110+           .        .     .       0       0       0        0      .
1920-1925        0      0.08545  0.08062  0.30  100000    8062   94349  6400640  64.01
1920-1925        1      0.01623  0.01610  0.49   91938    1480   91178  6306291  68.59
1920-1925        2      0.00627  0.00625  0.50   90458     566   90174  6215113  68.71
1920-1925        3      0.00406  0.00406  0.50   89892     365   89709  6124939  68.14
1920-1925        4      0.00316  0.00316  0.51   89527     283   89388  6035230  67.41
1920-1925        5      0.00247  0.00247  0.50   89245     220   89135  5945842  66.62
1920-1925        6      0.00211  0.00211  0.51   89024     188   88933  5856707  65.79
1920-1925        7      0.00180  0.00180  0.50   88836     160   88756  5767775  64.93
1920-1925        8      0.00147  0.00147  0.50   88676     131   88611  5679019  64.04
1920-1925        9      0.00118  0.00118  0.49   88546     104   88493  5590408  63.14
1920-1925       10      0.00108  0.00108  0.51   88441      95   88394  5501915  62.21
1920-1925       11      0.00097  0.00097  0.50   88346      86   88303  5413521  61.28
1920-1925       12      0.00091  0.00091  0.50   88260      80   88220  5325218  60.34
1920-1925       13      0.00091  0.00091  0.51   88180      81   88140  5236998  59.39
1920-1925       14      0.00118  0.00118  0.52   88099     104   88050  5148858  58.44
1920-1925       15      0.00125  0.00125  0.51   87996     110   87942  5060808  57.51
1920-1925       16      0.00145  0.00145  0.52   87886     128   87824  4972866  56.58
1920-1925       17      0.00179  0.00178  0.52   87758     157   87683  4885042  55.66
1920-1925       18      0.00248  0.00247  0.52   87602     217   87498  4797359  54.76
1920-1925       19      0.00453  0.00452  0.54   87385     395   87203  4709861  53.90
1920-1925       20      0.00626  0.00624  0.50   86990     542   86721  4622658  53.14
1920-1925       21      0.00647  0.00645  0.50   86448     558   86170  4535937  52.47
1920-1925       22      0.00602  0.00600  0.50   85890     516   85632  4449767  51.81
1920-1925       23      0.00537  0.00535  0.51   85374     457   85148  4364135  51.12
1920-1925       24      0.00435  0.00434  0.49   84917     368   84731  4278986  50.39
1920-1925       25      0.00247  0.00246  0.45   84549     208   84435  4194256  49.61
1920-1925       26      0.00152  0.00152  0.51   84341     128   84278  4109821  48.73
1920-1925       27      0.00137  0.00137  0.49   84213     115   84154  4025543  47.80
1920-1925       28      0.00121  0.00121  0.51   84098     102   84048  3941389  46.87
1920-1925       29      0.00120  0.00120  0.50   83996     101   83945  3857342  45.92
1920-1925       30      0.00116  0.00115  0.50   83895      97   83846  3773396  44.98
1920-1925       31      0.00117  0.00117  0.51   83798      98   83750  3689550  44.03
1920-1925       32      0.00120  0.00120  0.50   83700     100   83650  3605801  43.08
1920-1925       33      0.00121  0.00121  0.51   83600     101   83550  3522150  42.13
1920-1925       34      0.00125  0.00125  0.51   83499     105   83447  3438600  41.18
1920-1925       35      0.00127  0.00127  0.50   83394     106   83341  3355153  40.23
1920-1925       36      0.00135  0.00135  0.51   83288     113   83233  3271812  39.28
1920-1925       37      0.00145  0.00145  0.51   83175     120   83116  3188578  38.34
1920-1925       38      0.00159  0.00159  0.52   83055     132   82991  3105463  37.39
1920-1925       39      0.00184  0.00184  0.51   82923     153   82848  3022471  36.45
1920-1925       40      0.00207  0.00206  0.51   82770     171   82687  2939623  35.52
1920-1925       41      0.00224  0.00223  0.51   82599     184   82508  2856936  34.59
1920-1925       42      0.00247  0.00247  0.52   82415     203   82316  2774428  33.66
1920-1925       43      0.00281  0.00281  0.51   82211     231   82099  2692111  32.75
1920-1925       44      0.00315  0.00314  0.51   81980     258   81855  2610012  31.84
1920-1925       45      0.00346  0.00346  0.51   81723     283   81585  2528157  30.94
1920-1925       46      0.00385  0.00385  0.51   81440     313   81288  2446573  30.04
1920-1925       47      0.00435  0.00434  0.51   81127     352   80956  2365285  29.16
1920-1925       48      0.00494  0.00492  0.51   80775     398   80582  2284329  28.28
1920-1925       49      0.00547  0.00545  0.51   80377     438   80162  2203747  27.42
1920-1925       50      0.00602  0.00601  0.51   79939     480   79705  2123585  26.57
1920-1925       51      0.00669  0.00666  0.51   79459     530   79200  2043879  25.72
1920-1925       52      0.00737  0.00734  0.51   78929     580   78646  1964679  24.89
1920-1925       53      0.00802  0.00799  0.51   78349     626   78042  1886033  24.07
1920-1925       54      0.00888  0.00884  0.51   77723     687   77390  1807991  23.26
1920-1925       55      0.00949  0.00945  0.51   77036     728   76677  1730601  22.46
1920-1925       56      0.01025  0.01020  0.51   76309     778   75925  1653924  21.67
1920-1925       57      0.01156  0.01150  0.51   75530     869   75104  1577999  20.89
1920-1925       58      0.01265  0.01257  0.50   74662     938   74194  1502894  20.13
1920-1925       59      0.01357  0.01348  0.50   73723     994   73229  1428700  19.38
1920-1925       60      0.01544  0.01532  0.50   72730    1114   72170  1355471  18.64
1920-1925       61      0.01647  0.01634  0.50   71615    1170   71033  1283301  17.92
1920-1925       62      0.01831  0.01814  0.50   70445    1278   69807  1212268  17.21
1920-1925       63      0.02015  0.01995  0.50   69167    1380   68483  1142461  16.52
1920-1925       64      0.02193  0.02169  0.50   67787    1470   67055  1073978  15.84
1920-1925       65      0.02399  0.02371  0.50   66317    1572   65533  1006923  15.18
1920-1925       66      0.02604  0.02570  0.50   64744    1664   63913   941390  14.54
1920-1925       67      0.02791  0.02753  0.50   63080    1736   62217   877477  13.91
1920-1925       68      0.03067  0.03021  0.50   61344    1853   60418   815260  13.29
1920-1925       69      0.03395  0.03338  0.50   59491    1986   58501   754843  12.69
1920-1925       70      0.03680  0.03614  0.50   57505    2078   56473   696342  12.11
1920-1925       71      0.04020  0.03941  0.50   55426    2184   54340   639869  11.54
1920-1925       72      0.04394  0.04300  0.50   53242    2290   52102   585528  11.00
1920-1925       73      0.04764  0.04654  0.50   50952    2371   49768   533427  10.47
1920-1925       74      0.05242  0.05108  0.50   48581    2482   47340   483658   9.96
1920-1925       75      0.05700  0.05543  0.50   46100    2555   44829   436319   9.46
1920-1925       76      0.06075  0.05897  0.50   43544    2568   42265   391489   8.99
1920-1925       77      0.06666  0.06452  0.50   40977    2644   39659   349225   8.52
1920-1925       78      0.07290  0.07034  0.50   38333    2696   36988   309565   8.08
1920-1925       79      0.07852  0.07556  0.50   35637    2693   34293   272577   7.65
1920-1925       80      0.08596  0.08242  0.50   32944    2715   31589   238284   7.23
1920-1925       81      0.09320  0.08905  0.50   30229    2692   28883   206695   6.84
1920-1925       82      0.09935  0.09465  0.50   27537    2606   26236   177811   6.46
1920-1925       83      0.10777  0.10227  0.50   24930    2550   23657   151576   6.08
1920-1925       84      0.11516  0.10891  0.50   22381    2437   21165   127919   5.72
1920-1925       85      0.12388  0.11665  0.50   19943    2326   18779   106754   5.35
1920-1925       86      0.13655  0.12781  0.50   17617    2252   16490    87975   4.99
1920-1925       87      0.14850  0.13825  0.50   15365    2124   14304    71484   4.65
1920-1925       88      0.16625  0.15351  0.50   13241    2033   12226    57180   4.32
1920-1925       89      0.17880  0.16418  0.50   11208    1840   10292    44954   4.01
1920-1925       90      0.20210  0.18354  0.50    9368    1719    8508    34662   3.70
1920-1925       91      0.22685  0.20376  0.50    7649    1558    6870    26154   3.42
1920-1925       92      0.25104  0.22310  0.50    6090    1359    5412    19284   3.17
1920-1925       93      0.28099  0.24635  0.50    4732    1166    4148    13871   2.93
1920-1925       94      0.30228  0.26266  0.50    3566     937    3099     9723   2.73
1920-1925       95      0.34426  0.29332  0.50    2629     771    2240     6625   2.52
1920-1925       96      0.36220  0.30627  0.50    1858     569    1571     4384   2.36
1920-1925       97      0.39523  0.32910  0.49    1289     424    1073     2813   2.18
1920-1925       98      0.43474  0.35652  0.50     865     308     709     1740   2.01
1920-1925       99      0.48523  0.38962  0.49     556     217     447     1031   1.85
1920-1925      100      0.52449  0.41269  0.48     340     140     267      584   1.72
1920-1925      101      0.58079  0.44539  0.48     199      89     153      317   1.59
1920-1925      102      0.65090  0.48441  0.47     111      54      82      164   1.48
1920-1925      103      0.60920  0.46374  0.49      57      26      43       81   1.43
1920-1925      104      0.69632  0.51238  0.48      31      16      23       38   1.24
1920-1925      105      0.77451  0.54909  0.47      15       8      11       15   1.03
1920-1925      106      1.31281  0.77589  0.47       7       5       4        5   0.72
1920-1925      107      1.64103  0.86514  0.45       2       1       1        1   0.57
1920-1925      108      2.96318  1.00000  0.34       0       0       0        0   0.34
1920-1925      109            .        .     .       0       0       0        0      .
1920-1925      110+           .        .     .       0       0       0        0      .