Year,Age,mx,qx,ax,lx,dx,Lx,Tx,ex,Sex,Country,Prob,logProb,CP,Haz
1850-1859,0,0.22512,0.19501,0.31,100000,19501,86625,4098496,40.98,Female,Netherlands,1,0,1,0
1850-1859,5,0.01543,0.01531,0.51,68666,1051,68152,3720686,54.19,Female,Netherlands,0.68666,-0.37591601465161406,0.68666,0.07518320293032281
1850-1859,10,0.00658,0.00656,0.49,64995,426,64777,3387896,52.13,Female,Netherlands,0.64995,-0.4308598421281089,0.9465383159059797,0.01098876549529897
1850-1859,15,0.00589,0.00587,0.49,63130,371,62939,3067768,48.59,Female,Netherlands,0.6313,-0.4599740936085572,0.9713054850373105,0.005822850296089655
1850-1859,20,0.00677,0.00675,0.49,61107,412,60896,2757087,45.12,Female,Netherlands,0.61107,-0.4925437600879783,0.96795501346428,0.006513933295884222
1850-1859,25,0.00747,0.00744,0.50,59016,439,58795,2456745,41.63,Female,Netherlands,0.59016,-0.5273615924060902,0.9657813343806765,0.006963566463622372
1850-1859,30,0.00836,0.00833,0.50,56773,473,56536,2167240,38.17,Female,Netherlands,0.56773,-0.5661093253892936,0.961993357733496,0.007749546596640689
1850-1859,35,0.00876,0.00872,0.50,54381,474,54145,1889289,34.74,Female,Netherlands,0.54381,-0.6091553578391996,0.9578672960738379,0.008609206489981203
1850-1859,40,0.00927,0.00923,0.50,51964,480,51724,1623414,31.24,Female,Netherlands,0.51964,-0.6546190148546049,0.9555543296371894,0.009092731403081067
1850-1859,45,0.00826,0.00823,0.50,49732,409,49529,1369339,27.53,Female,Netherlands,0.49732,-0.6985215968974002,0.9570471865137403,0.008780516408559058
1850-1859,50,0.01021,0.01016,0.51,47631,484,47392,1125845,23.64,Female,Netherlands,0.47631,-0.7416863762246072,0.9577535590766508,0.008632955865441393
1850-1859,55,0.01272,0.01264,0.51,45061,570,44780,893920,19.84,Female,Netherlands,0.45061,-0.7971530585981996,0.9460435430706893,0.011093336474718486
1850-1859,60,0.01954,0.01936,0.50,41750,808,41349,676381,16.20,Female,Netherlands,0.4175,-0.8734707346912269,0.9265218259692417,0.015263535218605462
1850-1859,65,0.02994,0.02950,0.51,37101,1094,36561,478603,12.90,Female,Netherlands,0.37101,-0.9915262625600616,0.8886467065868263,0.023611105573766934
1850-1859,70,0.04697,0.04592,0.51,30879,1418,30189,307871,9.97,Female,Netherlands,0.30879,-1.1750938447755592,0.8322956254548395,0.036713516443099524
1850-1859,75,0.07748,0.07468,0.52,23092,1725,22258,172267,7.46,Female,Netherlands,0.23092,-1.4656839487894042,0.747822144499498,0.058118020802768997
1850-1859,80,0.12602,0.11875,0.51,14478,1719,13642,78265,5.41,Female,Netherlands,0.14478,-1.9325399301171418,0.6269703793521566,0.0933711962655475
1850-1859,85,0.21287,0.19305,0.52,6748,1303,6119,25928,3.84,Female,Netherlands,0.06748,-2.6959240213043696,0.46608647603260117,0.15267681823744556
1850-1859,90,0.30807,0.26813,0.52,1951,523,1698,5762,2.95,Female,Netherlands,0.01951,-3.9368281243471173,0.289122703023118,0.24818082060854954
1850-1859,95,0.37714,0.31677,0.49,364,115,305,856,2.35,Female,Netherlands,0.00364,-5.615771597333488,0.1865709892362891,0.3357886945972742
1850-1859,100,0.56585,0.44724,0.53,40,18,31,72,1.80,Female,Netherlands,4e-4,-7.824046010856292,0.10989010989010989,0.44165488270456077
1850-1859,105,0.49825,0.38462,0.41,3,1,2,4,1.39,Female,Netherlands,3e-5,-10.41431317630212,0.075,0.5180534330891655
1860-1869,0,0.22624,0.19585,0.31,100000,19585,86567,4353910,43.54,Female,Netherlands,1,0,1,0
1860-1869,5,0.01325,0.01316,0.50,69348,913,68892,3974728,57.32,Female,Netherlands,0.69348,-0.36603287886445013,0.69348,0.07320657577289003
1860-1869,10,0.00516,0.00514,0.49,66377,341,66202,3636771,54.79,Female,Netherlands,0.66377,-0.4098195750532009,0.9571581011709062,0.00875733923775015
1860-1869,15,0.00476,0.00475,0.49,64949,309,64793,3308595,50.94,Female,Netherlands,0.64949,-0.431567839448824,0.9784865239465478,0.004349652879124621
1860-1869,20,0.00534,0.00533,0.50,63300,337,63131,2987911,47.20,Female,Netherlands,0.633,-0.45728485683796083,0.9746108485119094,0.005143403477827368
1860-1869,25,0.00631,0.00629,0.50,61565,387,61371,2675659,43.46,Female,Netherlands,0.61565,-0.4850766587432565,0.9725908372827804,0.005558360381059136
1860-1869,30,0.00642,0.00640,0.50,59654,382,59465,2372606,39.77,Female,Netherlands,0.59654,-0.5166089818550579,0.9689596361569074,0.006306464622360275
1860-1869,35,0.00663,0.00661,0.50,57676,381,57487,2079259,36.05,Female,Netherlands,0.57676,-0.5503290435436907,0.9668421229087739,0.006744012337726568
1860-1869,40,0.00695,0.00692,0.50,55754,386,55561,1795652,32.21,Female,Netherlands,0.55754,-0.5842210293427671,0.9666759137249462,0.006778397159815275
1860-1869,45,0.00733,0.00730,0.51,53847,393,53656,1521656,28.26,Female,Netherlands,0.53847,-0.6190234942439772,0.9657961760591168,0.0069604929802420164
1860-1869,50,0.00917,0.00913,0.50,51768,472,51531,1257440,24.29,Female,Netherlands,0.51768,-0.6583979882331263,0.9613906067190373,0.007874898797829832
1860-1869,55,0.01282,0.01274,0.51,49118,626,48808,1004961,20.46,Female,Netherlands,0.49118,-0.7109446195905259,0.948810075722454,0.010509326271479913
1860-1869,60,0.01754,0.01739,0.51,45711,795,45320,767512,16.79,Female,Netherlands,0.45711,-0.782831216832764,0.9306364265645996,0.014377319448447622
1860-1869,65,0.02721,0.02685,0.51,41078,1103,40534,549840,13.39,Female,Netherlands,0.41078,-0.8896974876046344,0.8986458401697622,0.021373254154374077
1860-1869,70,0.04480,0.04384,0.51,34779,1525,34030,359413,10.33,Female,Netherlands,0.34779,-1.0561564296317174,0.8466575782657384,0.0332917884054166
1860-1869,75,0.07665,0.07389,0.51,26397,1951,25448,205593,7.79,Female,Netherlands,0.26397,-1.3319198186565582,0.7589924954714051,0.05515267780496815
1860-1869,80,0.11868,0.11220,0.51,16631,1866,15723,97931,5.89,Female,Netherlands,0.16631,-1.7939017623000884,0.6300337159525704,0.09239638872870604
1860-1869,85,0.16670,0.15393,0.50,8270,1273,7636,36632,4.43,Female,Netherlands,0.0827,-2.4925356769524916,0.4972641452708797,0.13972678293048063
1860-1869,90,0.25578,0.22624,0.49,2985,675,2640,9652,3.23,Female,Netherlands,0.02985,-3.511570439143526,0.36094316807738813,0.20380695243820685
1860-1869,95,0.36860,0.30911,0.48,660,204,554,1571,2.38,Female,Netherlands,0.0066,-5.0206856299497575,0.22110552763819097,0.30182303816124634
1860-1869,100,0.52194,0.41588,0.51,75,31,60,134,1.78,Female,Netherlands,7.5e-4,-7.195437351433918,0.11363636363636363,0.434950344296832
1860-1869,105,0.63960,0.48718,0.51,3,2,3,4,1.26,Female,Netherlands,3e-5,-10.41431317630212,0.04,0.6437751649736404
1870-1879,0,0.23069,0.19918,0.31,100000,19918,86338,4659404,46.59,Female,Netherlands,1,0,1,0
1870-1879,5,0.00900,0.00896,0.49,71191,638,70862,4277234,60.08,Female,Netherlands,0.71191,-0.33980378005426465,0.71191,0.06796075601085293
1870-1879,10,0.00380,0.00379,0.49,69007,262,68874,3927599,56.92,Female,Netherlands,0.69007,-0.37096223726109945,0.9693219648551081,0.00623169144136696
1870-1879,15,0.00428,0.00428,0.51,67730,290,67589,3585744,52.94,Female,Netherlands,0.6773,-0.38964097276127907,0.9814946309794659,0.003735747100035924
1870-1879,20,0.00466,0.00465,0.50,66238,308,66085,3250802,49.08,Female,Netherlands,0.66238,-0.4119158696036271,0.9779713568581131,0.0044549793684696025
1870-1879,25,0.00496,0.00495,0.51,64687,320,64529,2923466,45.19,Female,Netherlands,0.64687,-0.43560993202687476,0.976584437935928,0.004738812484649535
1870-1879,30,0.00497,0.00496,0.50,63077,313,62921,2604034,41.28,Female,Netherlands,0.63077,-0.4608139836798777,0.9751109187317389,0.005040810330600587
1870-1879,35,0.00537,0.00535,0.51,61464,329,61301,2292665,37.30,Female,Netherlands,0.61464,-0.48671854842275764,0.9744280799657561,0.005180912948575989
1870-1879,40,0.00650,0.00648,0.50,59727,387,59535,1989533,33.31,Female,Netherlands,0.59727,-0.5153860065223222,0.9717395548613823,0.0057334916199129225
1870-1879,45,0.00676,0.00674,0.50,57784,389,57590,1695752,29.35,Female,Netherlands,0.57784,-0.5484582652395457,0.9674686490197063,0.006614451743444683
1870-1879,50,0.00805,0.00801,0.51,55731,447,55512,1411864,25.33,Female,Netherlands,0.55731,-0.5846336409107147,0.9644711338778901,0.007235075134233803
1870-1879,55,0.01133,0.01126,0.51,53210,599,52915,1139203,21.41,Female,Netherlands,0.5321,-0.6309238373798134,0.9547648525955034,0.009258039293819742
1870-1879,60,0.01662,0.01649,0.51,49870,822,49467,881106,17.67,Female,Netherlands,0.4987,-0.6957505664300603,0.937229844014283,0.012965345810049378
1870-1879,65,0.02673,0.02639,0.51,45174,1192,44594,642856,14.23,Female,Netherlands,0.45174,-0.7946484858920512,0.905835171445759,0.01977958389239818
1870-1879,70,0.04148,0.04065,0.51,38521,1566,37752,432842,11.24,Female,Netherlands,0.38521,-0.9539666388551563,0.8527250188161332,0.031863630592621026
1870-1879,75,0.06060,0.05886,0.51,30194,1777,29325,260430,8.63,Female,Netherlands,0.30194,-1.197526956842547,0.7838321954258716,0.04871206359747815
1870-1879,80,0.09949,0.09481,0.50,20696,1962,19721,132637,6.41,Female,Netherlands,0.20696,-1.5752297411043634,0.6854341922236206,0.07554055685236327
1870-1879,85,0.15750,0.14595,0.50,11295,1648,10467,53237,4.71,Female,Netherlands,0.11295,-2.1808100360681246,0.5457576343254735,0.12111605899275224
1870-1879,90,0.23419,0.20911,0.49,4423,925,3950,15429,3.49,Female,Netherlands,0.04423,-3.1183519871019016,0.3915891987605135,0.18750839020675542
1870-1879,95,0.32752,0.28015,0.48,1113,312,952,2921,2.62,Female,Netherlands,0.01113,-4.498111113694684,0.25163915894189465,0.2759518253185564
1870-1879,100,0.45310,0.36960,0.50,157,58,128,315,2.01,Female,Netherlands,0.00157,-6.45667965962192,0.14106019766397124,0.3917137091854473
1870-1879,105,0.67153,0.49187,0.46,11,6,8,16,1.44,Female,Netherlands,1.1e-4,-9.115030192171858,0.07006369426751592,0.5316701065099876
1880-1889,0,0.20228,0.17763,0.31,100000,17763,87816,5050482,50.50,Female,Netherlands,1,0,1,0
1880-1889,5,0.00768,0.00765,0.49,73885,565,73595,4656469,63.02,Female,Netherlands,0.73885,-0.3026603556324941,0.73885,0.06053207112649882
1880-1889,10,0.00294,0.00294,0.50,72053,212,71947,4292454,59.57,Female,Netherlands,0.72053,-0.32776822665782596,0.975204710022332,0.00502157420506637
1880-1889,15,0.00337,0.00337,0.50,71016,239,70897,3934761,55.41,Female,Netherlands,0.71016,-0.34226498222207313,0.985607816468433,0.002899351112849435
1880-1889,20,0.00379,0.00379,0.51,69716,264,69587,3582880,51.39,Female,Netherlands,0.69716,-0.3607403393286562,0.9816942660808832,0.003695071421316609
1880-1889,25,0.00371,0.00371,0.51,68376,253,68252,3237653,47.35,Female,Netherlands,0.68376,-0.38014830012437445,0.980779161168168,0.003881592159143654
1880-1889,30,0.00517,0.00516,0.49,66936,345,66761,2899156,43.31,Female,Netherlands,0.66936,-0.40143324699479394,0.978939978939979,0.004256989374083897
1880-1889,35,0.00555,0.00553,0.49,65209,361,65027,2568811,39.39,Female,Netherlands,0.65209,-0.427572689771872,0.9741992350902354,0.005227888555415616
1880-1889,40,0.00479,0.00478,0.51,63530,304,63381,2247074,35.37,Female,Netherlands,0.6353,-0.45365795070964954,0.9742520204266282,0.005217052187555504
1880-1889,45,0.00512,0.00511,0.51,61996,317,61840,1933238,31.18,Female,Netherlands,0.61996,-0.4781003191532871,0.9758539272784511,0.0048884736887275125
1880-1889,50,0.00710,0.00707,0.50,60224,426,60012,1627498,27.02,Female,Netherlands,0.60224,-0.507099242025177,0.9714175108071489,0.005799784574377975
1880-1889,55,0.01028,0.01023,0.51,57840,592,57549,1332051,23.03,Female,Netherlands,0.5784,-0.5474896081375821,0.9604144527098831,0.00807807322248102
1880-1889,60,0.01410,0.01401,0.51,54540,764,54165,1050752,19.27,Female,Netherlands,0.5454,-0.606235808570649,0.9429460580912863,0.011749240086613377
1880-1889,65,0.02008,0.01989,0.50,50268,1000,49772,788242,15.68,Female,Netherlands,0.50268,-0.6878014942351932,0.9216721672167216,0.01631313713290885
1880-1889,70,0.03096,0.03049,0.50,44598,1360,43923,550312,12.34,Female,Netherlands,0.44598,-0.80748117101688,0.8872045834328002,0.023935935356337357
1880-1889,75,0.05229,0.05096,0.50,36762,1873,35829,345790,9.41,Female,Netherlands,0.36762,-1.0007054830165187,0.8242970536795372,0.038644862399927746
1880-1889,80,0.08657,0.08301,0.50,26714,2217,25614,186371,6.98,Female,Netherlands,0.26714,-1.3199824134331777,0.7266742832272455,0.06385538608333179
1880-1889,85,0.13983,0.13065,0.50,15693,2050,14662,80617,5.14,Female,Netherlands,0.15693,-1.8519554329315078,0.5874447855057273,0.10639460389966601
1880-1889,90,0.20956,0.18924,0.49,6807,1288,6147,25863,3.80,Female,Netherlands,0.06807,-2.687218691522277,0.43376027528197286,0.1670526517181538
1880-1889,95,0.31481,0.27115,0.49,1994,541,1718,5519,2.77,Female,Netherlands,0.01994,-3.915027514448445,0.29293374467459965,0.24556176458523363
1880-1889,100,0.42531,0.35029,0.50,324,114,267,675,2.08,Female,Netherlands,0.00324,-5.732181949177899,0.1624874623871615,0.36343088694589076
1880-1889,105,0.61891,0.47265,0.50,24,11,18,38,1.58,Female,Netherlands,2.4e-4,-8.334871634622283,0.07407407407407407,0.520537937088877
1890-1899,0,0.17498,0.15623,0.31,100000,15623,89284,5604622,56.05,Female,Netherlands,1,0,1,0
1890-1899,5,0.00503,0.00502,0.50,78204,393,78009,5195169,66.43,Female,Netherlands,0.78204,-0.24584938884984778,0.78204,0.049169877769969554
1890-1899,10,0.00232,0.00232,0.50,76842,178,76753,4808064,62.57,Female,Netherlands,0.76842,-0.2634188203161017,0.9825840110480283,0.0035138862932507843
1890-1899,15,0.00273,0.00272,0.51,75979,207,75876,4425970,58.25,Female,Netherlands,0.75979,-0.2747131996734755,0.9887691626974832,0.0022588758714747635
1890-1899,20,0.00396,0.00395,0.50,74767,295,74619,4048882,54.15,Female,Netherlands,0.74767,-0.2907935748252197,0.9840482238513273,0.0032160750303488416
1890-1899,25,0.00436,0.00435,0.49,73245,318,73083,3678819,50.23,Female,Netherlands,0.73245,-0.31136019980635804,0.9796434255754544,0.004113324996227663
1890-1899,30,0.00316,0.00315,0.51,71770,226,71659,3316467,46.21,Female,Netherlands,0.7177,-0.33170362454611085,0.9798621066284388,0.004068684947950563
1890-1899,35,0.00323,0.00323,0.51,70617,228,70505,2960472,41.92,Female,Netherlands,0.70617,-0.3478992772737917,0.9839347916956945,0.003239130545536173
1890-1899,40,0.00354,0.00353,0.50,69417,245,69293,2610364,37.60,Female,Netherlands,0.69417,-0.36503839170000996,0.9830069246781936,0.0034278228852436476
1890-1899,45,0.00463,0.00462,0.51,68113,315,67958,2266428,33.27,Female,Netherlands,0.68113,-0.3840020953093417,0.9812149761585779,0.00379274072186635
1890-1899,50,0.00598,0.00596,0.50,66359,396,66160,1930068,29.09,Female,Netherlands,0.66359,-0.4100907900982577,0.9742486749959626,0.005217738957783202
1890-1899,55,0.00740,0.00738,0.50,64236,474,64001,1603420,24.96,Female,Netherlands,0.64236,-0.4426063847888468,0.9680073539384259,0.006503118938117813
1890-1899,60,0.00996,0.00991,0.51,61682,612,61383,1288366,20.89,Female,Netherlands,0.61682,-0.4831780318371794,0.9602403636590074,0.008114329409666521
1890-1899,65,0.01543,0.01532,0.51,58130,890,57694,988296,17.00,Female,Netherlands,0.5813,-0.5424883042748321,0.9424143186018612,0.011862054487530537
1890-1899,70,0.02624,0.02590,0.51,52814,1368,52142,710021,13.44,Female,Netherlands,0.52814,-0.6383938789071744,0.9085498021675554,0.019181114926468457
1890-1899,75,0.04435,0.04340,0.51,44805,1945,43843,464757,10.37,Female,Netherlands,0.44805,-0.8028504456519086,0.8483546029461885,0.032891313348946835
1890-1899,80,0.07235,0.06985,0.50,34081,2380,32902,266558,7.82,Female,Netherlands,0.34081,-1.076430141734461,0.7606517129784622,0.0547159392165105
1890-1899,85,0.11334,0.10728,0.50,22079,2369,20898,126041,5.71,Female,Netherlands,0.22079,-1.5105432554598859,0.6478389718611544,0.08682262274508497
1890-1899,90,0.18276,0.16750,0.50,11014,1845,10094,44191,4.01,Female,Netherlands,0.11014,-2.2060029951478017,0.4988450563884234,0.13909194793758317
1890-1899,95,0.29809,0.25918,0.50,3518,912,3059,9693,2.75,Female,Netherlands,0.03518,-3.347277539672725,0.31941165788995823,0.22825490890498462
1890-1899,100,0.47213,0.38073,0.49,557,212,449,1059,1.90,Female,Netherlands,0.00557,-5.190360225042944,0.15832859579306424,0.3686165370740439
1890-1899,105,0.62339,0.47401,0.49,31,15,24,48,1.53,Female,Netherlands,3.1e-4,-8.078938260485081,0.05565529622980251,0.5777156070884274
1900-1909,0,0.14059,0.12823,0.31,100000,12823,91205,6173255,61.73,Female,Netherlands,1,0,1,0
1900-1909,5,0.00363,0.00362,0.50,82444,299,82294,5746706,69.70,Female,Netherlands,0.82444,-0.19305091100704047,0.82444,0.03861018220140809
1900-1909,10,0.00214,0.00213,0.49,81370,174,81282,5337489,65.60,Female,Netherlands,0.8137,-0.2061635312795255,0.9869729755955557,0.002622524054497005
1900-1909,15,0.00281,0.00281,0.51,80471,226,80359,4932790,61.30,Female,Netherlands,0.80471,-0.2172733149158389,0.9889517021015116,0.0022219567272626804
1900-1909,20,0.00273,0.00273,0.51,79285,216,79178,4533443,57.18,Female,Netherlands,0.79285,-0.23212123034656046,0.9852617713213456,0.0029695830861443118
1900-1909,25,0.00242,0.00241,0.51,78291,189,78199,4139562,52.87,Female,Netherlands,0.78291,-0.2447375321264683,0.9874629501166677,0.0025232603559815657
1900-1909,30,0.00223,0.00222,0.51,77380,172,77295,3750398,48.47,Female,Netherlands,0.7738,-0.2564418367157244,0.988363924333576,0.002340860917851223
1900-1909,35,0.00270,0.00270,0.52,76487,206,76388,3365691,44.00,Female,Netherlands,0.76487,-0.26804939423665103,0.988459550271388,0.002321511504185325
1900-1909,40,0.00302,0.00302,0.51,75382,227,75270,2985949,39.61,Female,Netherlands,0.75382,-0.28260166626440797,0.9855531005268869,0.0029104544055513883
1900-1909,45,0.00307,0.00307,0.50,74232,228,74118,2611910,35.19,Female,Netherlands,0.74232,-0.29797486193721323,0.9847443686821787,0.0030746391345610525
1900-1909,50,0.00398,0.00397,0.51,73004,290,72861,2243691,30.73,Female,Netherlands,0.73004,-0.3146559518203172,0.9834572691022739,0.0033362179766207923
1900-1909,55,0.00536,0.00534,0.51,71387,381,71201,1882536,26.37,Female,Netherlands,0.71387,-0.3370544060489541,0.9778505287381514,0.00447969084572738
1900-1909,60,0.00833,0.00830,0.51,69109,574,68827,1530890,22.15,Female,Netherlands,0.69109,-0.36948521767548315,0.9680894280471234,0.006486162325305811
1900-1909,65,0.01353,0.01344,0.51,65623,882,65190,1193399,18.19,Female,Netherlands,0.65623,-0.4212439417311883,0.9495579446960598,0.010351744811141029
1900-1909,70,0.02157,0.02135,0.51,60382,1289,59748,877503,14.53,Female,Netherlands,0.60382,-0.5044791387071267,0.9201347088673179,0.01664703939518768
1900-1909,75,0.03459,0.03401,0.51,52972,1801,52083,593063,11.20,Female,Netherlands,0.52972,-0.6354067139233736,0.8772813089993706,0.026185515043249376
1900-1909,80,0.05834,0.05670,0.50,42752,2424,41547,352514,8.25,Female,Netherlands,0.42752,-0.8497542080739108,0.8070678849203353,0.04286949883010745
1900-1909,85,0.10333,0.09827,0.50,29455,2895,28014,170847,5.80,Female,Netherlands,0.29455,-1.2223065110144409,0.6889736152694611,0.07451046058810602
1900-1909,90,0.18460,0.16908,0.50,15118,2556,13847,59738,3.95,Female,Netherlands,0.15118,-1.8892840991181064,0.5132575114581565,0.1333955176207331
1900-1909,95,0.31089,0.26897,0.50,4681,1259,4050,12776,2.73,Female,Netherlands,0.04681,-3.061658423670158,0.3096309035586718,0.23447486491041034
1900-1909,100,0.46178,0.37376,0.49,736,275,595,1440,1.96,Female,Netherlands,0.00736,-4.911695346241352,0.15723136082033753,0.37000738451423876
1900-1909,105,0.62583,0.47430,0.49,46,22,35,66,1.43,Female,Netherlands,4.6e-4,-7.6842840684811335,0.0625,0.5545177444479563
1910-1919,0,0.10124,0.09466,0.31,100000,9466,93507,6690151,66.90,Female,Netherlands,1,0,1,0
1910-1919,5,0.00339,0.00338,0.49,86237,292,86087,6246460,72.43,Female,Netherlands,0.86237,-0.14807086607440315,0.86237,0.029614173214880628
1910-1919,10,0.00120,0.00119,0.50,85275,102,85224,5818132,68.23,Female,Netherlands,0.85275,-0.15928885768338194,0.988844695432355,0.0022435983217957587
1910-1919,15,0.00144,0.00144,0.53,84767,122,84709,5392983,63.62,Female,Netherlands,0.84767,-0.1652638698725084,0.9940428026971563,0.0011950024378252933
1910-1919,20,0.00160,0.00160,0.50,84088,134,84021,4970797,59.11,Female,Netherlands,0.84088,-0.17330631646703815,0.991989807354277,0.001608489318905948
1910-1919,25,0.00202,0.00202,0.51,83384,168,83302,4552077,54.59,Female,Netherlands,0.83384,-0.18171374155107017,0.9916278184758824,0.0016814850168064056
1910-1919,30,0.00206,0.00206,0.51,82529,170,82445,4137290,50.13,Female,Netherlands,0.82529,-0.19202043926291756,0.989746234289552,0.002061339542369478
1910-1919,35,0.00155,0.00155,0.50,81735,127,81671,3726686,45.59,Female,Netherlands,0.81735,-0.20168787928492,0.9903791394540101,0.0019334880044004853
1910-1919,40,0.00169,0.00169,0.51,81109,137,81041,3319567,40.93,Female,Netherlands,0.81109,-0.20937625691785283,0.9923411023429375,0.0015376755265865683
1910-1919,45,0.00232,0.00232,0.51,80352,186,80260,2915828,36.29,Female,Netherlands,0.80352,-0.21875320301291684,0.9906668803708589,0.001875389219012802
1910-1919,50,0.00347,0.00347,0.51,79258,275,79123,2516630,31.75,Female,Netherlands,0.79258,-0.23246183195320386,0.9863849064117881,0.002741725788057403
1910-1919,55,0.00525,0.00524,0.51,77626,407,77425,2124153,27.36,Female,Netherlands,0.77626,-0.25326776336976153,0.9794090186479598,0.004161186283311536
1910-1919,60,0.00753,0.00750,0.51,75323,565,75046,1741482,23.12,Female,Netherlands,0.75323,-0.28338465293391807,0.970332105222477,0.006023377912831307
1910-1919,65,0.01128,0.01121,0.50,72077,808,71676,1372488,19.04,Female,Netherlands,0.72077,-0.32743519397591625,0.9569055932450912,0.008810108208399637
1910-1919,70,0.01780,0.01764,0.50,67364,1188,66772,1023200,15.19,Female,Netherlands,0.67364,-0.39505943539428345,0.9346115959321282,0.013524848283673441
1910-1919,75,0.03016,0.02972,0.50,60329,1793,59436,702817,11.65,Female,Netherlands,0.60329,-0.5053572691742051,0.8955673653583517,0.022059566755984326
1910-1919,80,0.05375,0.05235,0.50,49804,2607,48511,425852,8.55,Female,Netherlands,0.49804,-0.6970748838979253,0.8255399559084354,0.03834352294474404
1910-1919,85,0.09871,0.09407,0.50,35023,3295,33378,212173,6.06,Female,Netherlands,0.35023,-1.049165197465356,0.7032166091077022,0.07041806271348613
1910-1919,90,0.17364,0.15965,0.50,18640,2976,17138,78418,4.21,Female,Netherlands,0.1864,-1.6798603767306461,0.5322216828940982,0.12613903585305802
1910-1919,95,0.28349,0.24790,0.49,6431,1594,5624,18554,2.88,Female,Netherlands,0.06431,-2.744040138835365,0.3450107296137339,0.21283595242094377
1910-1919,100,0.46608,0.37629,0.49,1141,429,921,2190,1.92,Female,Netherlands,0.01141,-4.473265115108153,0.17742186285181155,0.3458449952545576
1910-1919,105,0.64538,0.48310,0.48,67,33,50,93,1.38,Female,Netherlands,6.7e-4,-7.308232845579262,0.058720420683610865,0.5669935460942218
1920-1925,0,0.06666,0.06371,0.31,100000,6371,95575,7216223,72.16,Female,Netherlands,1,0,1,0
1920-1925,5,0.00211,0.00210,0.50,91227,192,91131,6752709,74.02,Female,Netherlands,0.91227,-0.09181928009115956,0.91227,0.01836385601823191
1920-1925,10,0.00085,0.00085,0.49,90552,77,90513,6298516,69.56,Female,Netherlands,0.90552,-0.09924591465797235,0.9926008747410306,0.0014853269133625585
1920-1925,15,0.00114,0.00114,0.51,90171,103,90120,5846703,64.84,Female,Netherlands,0.90171,-0.10346231837474604,0.9957924728332892,8.432807433547379e-4
1920-1925,20,0.00231,0.00230,0.51,89518,206,89416,5397260,60.29,Female,Netherlands,0.89518,-0.11073046361022264,0.9927582038571159,0.00145362904709532
1920-1925,25,0.00130,0.00130,0.48,88562,115,88503,4952173,55.92,Female,Netherlands,0.88562,-0.12146731428354578,0.9893205835697848,0.002147370134664628
1920-1925,30,0.00091,0.00091,0.50,88123,81,88083,4510535,51.18,Female,Netherlands,0.88123,-0.1264366201486559,0.9950430207086561,9.93861173022023e-4
1920-1925,35,0.00101,0.00101,0.51,87710,88,87667,4070939,46.41,Female,Netherlands,0.8771,-0.13113426802480113,0.995313368814044,9.395295752290478e-4
1920-1925,40,0.00140,0.00140,0.51,87211,122,87151,3633581,41.66,Female,Netherlands,0.87211,-0.13683971624000366,0.9943107969444761,0.0011410896430405048
1920-1925,45,0.00225,0.00225,0.51,86473,194,86378,3199219,37.00,Female,Netherlands,0.86473,-0.14533795950401396,0.9915377647315132,0.0016996486528020605
1920-1925,50,0.00339,0.00338,0.51,85300,289,85158,2769576,32.47,Female,Netherlands,0.853,-0.15899573149045795,0.9864350722190741,0.002731554397288799
1920-1925,55,0.00452,0.00451,0.50,83653,378,83464,2347001,28.06,Female,Netherlands,0.83653,-0.17849289548047406,0.9806916764361079,0.0038994327980032216
1920-1925,60,0.00677,0.00674,0.50,81425,549,81152,1933978,23.75,Female,Netherlands,0.81425,-0.20548783482579414,0.9733661673819229,0.005398987869064014
1920-1925,65,0.01059,0.01053,0.51,78184,824,77779,1534480,19.63,Female,Netherlands,0.78184,-0.24610516295155677,0.9601964998464845,0.008123465625152527
1920-1925,70,0.01701,0.01687,0.50,73326,1237,72712,1154909,15.75,Female,Netherlands,0.73326,-0.31025493330417286,0.9378645247109383,0.01282995407052322
1920-1925,75,0.02872,0.02832,0.50,65972,1868,65046,805448,12.21,Female,Netherlands,0.65972,-0.4159397764021856,0.8997081526334452,0.02113696861960255
1920-1925,80,0.04998,0.04876,0.50,55012,2683,53670,501285,9.11,Female,Netherlands,0.55012,-0.5976188427356299,0.8338689140847633,0.03633581326668887
1920-1925,85,0.08449,0.08105,0.50,40314,3268,38675,261723,6.49,Female,Netherlands,0.40314,-0.9084713828220234,0.7328219297607794,0.062170508017278706
1920-1925,90,0.15598,0.14466,0.50,23417,3387,21717,102133,4.36,Female,Netherlands,0.23417,-1.451707931668216,0.5808652081162872,0.1086473097692385
1920-1925,95,0.27953,0.24499,0.50,8539,2092,7484,24722,2.90,Female,Netherlands,0.08539,-2.4605262810626223,0.36464961352863307,0.20176366987888125
1920-1925,100,0.46824,0.37794,0.49,1519,574,1226,2912,1.92,Female,Netherlands,0.01519,-4.187117962374455,0.17788968263262678,0.34531833626236663
1920-1925,105,0.64155,0.48176,0.48,90,43,67,124,1.39,Female,Netherlands,9e-4,-7.013115794639964,0.05924950625411455,0.5651995664531017
