Year,Age,mx,qx,ax,lx,dx,Lx,Tx,ex,Sex,Country,Prob,logProb,CP,Haz
1850-1859,0,0.24619,0.21026,0.31,100000,21026,85405,3994663,39.95,both,Netherlands,1,0,1,0
1850-1859,5,0.01555,0.01543,0.51,67339,1039,66834,3623691,53.81,both,Netherlands,0.67339,-0.39543062238027543,0.67339,0.07908612447605509
1850-1859,10,0.00641,0.00639,0.49,63716,407,63509,3297454,51.75,both,Netherlands,0.63716,-0.4507344775556996,0.9461975972319161,0.011060771035084838
1850-1859,15,0.00537,0.00536,0.49,61968,332,61799,2983461,48.15,both,Netherlands,0.61968,-0.478552063215695,0.9725657605624961,0.005563517131999074
1850-1859,20,0.00830,0.00827,0.49,59997,496,59745,2678236,44.64,both,Netherlands,0.59997,-0.5108756250160323,0.9681932610379551,0.006464712360067471
1850-1859,25,0.00761,0.00759,0.49,57691,438,57470,2384169,41.33,both,Netherlands,0.57691,-0.5500690038428313,0.9615647449039119,0.007838675765359793
1850-1859,30,0.00783,0.00780,0.50,55544,433,55327,2101139,37.83,both,Netherlands,0.55544,-0.5879946865371191,0.9627844897817683,0.007585136538857551
1850-1859,35,0.00839,0.00835,0.50,53372,446,53150,1828796,34.27,both,Netherlands,0.53372,-0.6278839221079172,0.9608958663401987,0.007977847114159631
1850-1859,40,0.00889,0.00885,0.50,51116,452,50891,1567570,30.67,both,Netherlands,0.51116,-0.6710726262416347,0.9577306452821704,0.00863774082674349
1850-1859,45,0.00896,0.00892,0.51,48899,436,48684,1317565,26.94,both,Netherlands,0.48899,-0.7154132396141176,0.956628061663667,0.008868122674496593
1850-1859,50,0.01101,0.01095,0.51,46611,510,46359,1078665,23.14,both,Netherlands,0.46611,-0.7633336212101175,0.953209677089511,0.009584076319199974
1850-1859,55,0.01395,0.01386,0.51,43880,608,43580,852190,19.42,both,Netherlands,0.4388,-0.8237115505810618,0.9414086803544228,0.012075585874188865
1850-1859,60,0.02135,0.02112,0.51,40372,853,39950,641045,15.88,both,Netherlands,0.40372,-0.9070337106114782,0.9200546946216955,0.016664432006083273
1850-1859,65,0.03185,0.03136,0.51,35554,1115,35003,450592,12.67,both,Netherlands,0.35554,-1.0341175184875977,0.8806598632715743,0.0254167615752239
1850-1859,70,0.04897,0.04783,0.51,29371,1405,28685,287657,9.79,both,Netherlands,0.29371,-1.2251623930085394,0.8260955166788547,0.03820897490418833
1850-1859,75,0.07944,0.07649,0.51,21787,1666,20977,159164,7.31,both,Netherlands,0.21787,-1.5238567243438945,0.7417861155561608,0.059738866267071034
1850-1859,80,0.12868,0.12109,0.51,13473,1631,12678,71000,5.27,both,Netherlands,0.13473,-2.0044825032143807,0.6183962913664112,0.09612515577409723
1850-1859,85,0.21847,0.19763,0.52,6108,1207,5526,22777,3.73,both,Netherlands,0.06108,-2.7955707986317053,0.45335114673792026,0.1582176590834649
1850-1859,90,0.31481,0.27307,0.51,1679,459,1457,4826,2.87,both,Netherlands,0.01679,-4.086971807892688,0.27488539620170266,0.2582802018521965
1850-1859,95,0.36670,0.30940,0.49,295,91,249,681,2.31,both,Netherlands,0.00295,-5.825950108630408,0.1756998213222156,0.3477956601475441
1850-1859,100,0.59026,0.46259,0.53,29,13,23,49,1.69,both,Netherlands,2.9e-4,-8.145629634983754,0.09830508474576272,0.46393590527066914
1850-1859,105,0.51259,0.40000,0.45,1,1,1,2,1.41,both,Netherlands,1e-5,-11.512925464970229,0.034482758620689655,0.6734591659972949
1860-1869,0,0.24891,0.21224,0.31,100000,21224,85267,4234381,42.34,both,Netherlands,1,0,1,0
1860-1869,5,0.01356,0.01347,0.50,67848,914,67387,3862658,56.93,both,Netherlands,0.67848,-0.3879002769286925,0.67848,0.0775800553857385
1860-1869,10,0.00496,0.00494,0.49,64895,321,64731,3532189,54.43,both,Netherlands,0.64895,-0.43239960684836903,0.9564762410093149,0.008899865983935306
1860-1869,15,0.00429,0.00428,0.49,63573,272,63435,3211202,50.51,both,Netherlands,0.63573,-0.4529813340815528,0.9796286308652439,0.004116345446636749
1860-1869,20,0.00632,0.00630,0.50,61971,390,61775,2897096,46.75,both,Netherlands,0.61971,-0.47850365230386604,0.9748006229059506,0.0051044636444626534
1860-1869,25,0.00652,0.00650,0.50,60022,390,59826,2592126,43.19,both,Netherlands,0.60022,-0.5104590243051187,0.9685498055542109,0.006391074400250529
1860-1869,30,0.00626,0.00624,0.50,58145,363,57965,2296757,39.50,both,Netherlands,0.58145,-0.5422302952430847,0.9687281330178934,0.006354254187593211
1860-1869,35,0.00632,0.00630,0.51,56315,355,56139,2010613,35.70,both,Netherlands,0.56315,-0.5742092564884315,0.9685269584659042,0.006395792249069343
1860-1869,40,0.00684,0.00682,0.50,54512,372,54327,1733499,31.80,both,Netherlands,0.54512,-0.6067493250694805,0.9679836633223831,0.006508013716209815
1860-1869,45,0.00756,0.00753,0.51,52652,396,52457,1465558,27.83,both,Netherlands,0.52652,-0.6414659614249301,0.9658790724977987,0.006943327271089905
1860-1869,50,0.00969,0.00965,0.50,50547,488,50303,1207376,23.89,both,Netherlands,0.50547,-0.6822665894637335,0.960020512041328,0.008160125607760693
1860-1869,55,0.01339,0.01331,0.51,47810,636,47497,961173,20.10,both,Netherlands,0.4781,-0.7379353633500794,0.9458523750173107,0.011133754777269167
1860-1869,60,0.01852,0.01835,0.51,44324,814,43923,730483,16.48,both,Netherlands,0.44324,-0.8136438949140123,0.927086383601757,0.015141706312786597
1860-1869,65,0.02850,0.02811,0.51,39686,1115,39138,519819,13.10,both,Netherlands,0.39686,-0.924171705325031,0.8953614294738742,0.022105562082203732
1860-1869,70,0.04585,0.04484,0.51,33358,1496,32625,336458,10.09,both,Netherlands,0.33358,-1.09787256233311,0.8405483041878749,0.0347401714016158
1860-1869,75,0.08079,0.07773,0.51,25070,1949,24121,189532,7.56,both,Netherlands,0.2507,-1.3834982738178894,0.7515438575454164,0.057125142296955866
1860-1869,80,0.12515,0.11797,0.51,15435,1821,14550,88295,5.72,both,Netherlands,0.15435,-1.8685325280339689,0.6156761069006781,0.09700685084321589
1860-1869,85,0.17279,0.15908,0.50,7461,1187,6869,32085,4.30,both,Netherlands,0.07461,-2.595480732498714,0.4833819241982507,0.145389640892949
1860-1869,90,0.26854,0.23595,0.49,2587,610,2273,8080,3.12,both,Netherlands,0.02587,-3.654671282784199,0.34673636241790645,0.21183811005709705
1860-1869,95,0.39466,0.32678,0.47,535,175,443,1228,2.30,both,Netherlands,0.00535,-5.230658718074222,0.20680324700425204,0.31519748705800466
1860-1869,100,0.53043,0.42101,0.51,58,24,46,100,1.74,both,Netherlands,5.8e-4,-7.4524824544238095,0.10841121495327102,0.4443647472699174
1860-1869,105,0.60974,0.46939,0.51,2,1,2,3,1.25,both,Netherlands,2e-5,-10.819778284410283,0.034482758620689655,0.6734591659972947
1870-1879,0,0.25630,0.21759,0.31,100000,21759,84895,4527796,45.28,both,Netherlands,1,0,1,0
1870-1879,5,0.00919,0.00915,0.48,69447,635,69119,4154152,59.82,both,Netherlands,0.69447,-0.3646063142650126,0.69447,0.07292126285300252
1870-1879,10,0.00379,0.00378,0.49,67274,254,67145,3813240,56.68,both,Netherlands,0.67274,-0.39639635384828803,0.9687099514737858,0.006358007916655084
1870-1879,15,0.00377,0.00377,0.51,66128,249,66006,3479794,52.62,both,Netherlands,0.66128,-0.41357792821871486,0.982965187145108,0.003436314874085367
1870-1879,20,0.00547,0.00546,0.51,64656,353,64482,3152626,48.76,both,Netherlands,0.64656,-0.4360892776519735,0.9777401403338979,0.004502269886651722
1870-1879,25,0.00526,0.00524,0.50,62925,330,62762,2833713,45.03,both,Netherlands,0.62925,-0.46322664496671184,0.9732275426874536,0.005427473462947674
1870-1879,30,0.00475,0.00474,0.50,61341,291,61196,2523096,41.13,both,Netherlands,0.61341,-0.48872172485906445,0.9748271752085816,0.005099015978470523
1870-1879,35,0.00505,0.00503,0.51,59873,301,59725,2220052,37.08,both,Netherlands,0.59873,-0.5129445337376579,0.9760682088651962,0.004844561775718692
1870-1879,40,0.00610,0.00609,0.50,58298,355,58120,1924475,33.01,both,Netherlands,0.58298,-0.5396023985374097,0.9736943196432448,0.005331572959950348
1870-1879,45,0.00675,0.00673,0.50,56473,380,56283,1637503,29.00,both,Netherlands,0.56473,-0.5714075381610672,0.9686953240248379,0.0063610279247315
1870-1879,50,0.00804,0.00801,0.51,54483,436,54268,1360021,24.96,both,Netherlands,0.54483,-0.6072814595836201,0.9647619216262638,0.007174784284510594
1870-1879,55,0.01133,0.01127,0.51,52026,586,51738,1093446,21.02,both,Netherlands,0.52026,-0.6534265923650131,0.9549033643521833,0.009229026556278597
1870-1879,60,0.01707,0.01693,0.51,48670,824,48266,841253,17.28,both,Netherlands,0.4867,-0.7201073621427284,0.9354937915657556,0.013336153955543061
1870-1879,65,0.02849,0.02810,0.51,43900,1234,43298,609123,13.88,both,Netherlands,0.439,-0.8232558659069656,0.9019930141771112,0.020629700752847445
1870-1879,70,0.04343,0.04253,0.51,37043,1575,36274,405973,10.96,both,Netherlands,0.37043,-0.9930907859693925,0.8438041002277904,0.033966984012485366
1870-1879,75,0.06368,0.06175,0.51,28686,1771,27816,241041,8.40,both,Netherlands,0.28686,-1.24876098711607,0.774397322031153,0.05113404022933552
1870-1879,80,0.10349,0.09841,0.50,19387,1908,18436,120389,6.21,both,Netherlands,0.19387,-1.640567447631021,0.6758349020428084,0.07836129210299018
1870-1879,85,0.16496,0.15230,0.50,10276,1565,9487,46801,4.55,both,Netherlands,0.10276,-2.275359106740454,0.5300459070511168,0.12695833182188662
1870-1879,90,0.24401,0.21688,0.49,3853,836,3425,12975,3.37,both,Netherlands,0.03853,-3.256318120344071,0.37495134293499416,0.19619180272072337
1870-1879,95,0.34487,0.29247,0.48,913,267,774,2300,2.52,both,Netherlands,0.00913,-4.69618958437526,0.23695821437840645,0.28797429280623776
1870-1879,100,0.45985,0.37328,0.50,115,43,93,227,1.98,both,Netherlands,0.00115,-6.767993336606978,0.12595837897042717,0.41436075044634374
1870-1879,105,0.71584,0.51388,0.45,8,4,6,11,1.38,both,Netherlands,8e-5,-9.433483923290392,0.06956521739130435,0.5330981173366828
1880-1889,0,0.22561,0.19506,0.31,100000,19506,86458,4897170,48.97,both,Netherlands,1,0,1,0
1880-1889,5,0.00792,0.00789,0.49,72199,569,71907,4511320,62.48,both,Netherlands,0.72199,-0.32574399060074116,0.72199,0.06514879812014823
1880-1889,10,0.00284,0.00284,0.50,70385,200,70284,4155726,59.04,both,Netherlands,0.70385,-0.3511900137081627,0.9748749982686741,0.005089204621484311
1880-1889,15,0.00308,0.00307,0.50,69437,213,69330,3806175,54.81,both,Netherlands,0.69437,-0.36475031933423985,0.9865312211408681,0.0027120611252154257
1880-1889,20,0.00437,0.00436,0.51,68140,297,67994,3462024,50.81,both,Netherlands,0.6814,-0.38360577375527083,0.9813211976323862,0.0037710908842061965
1880-1889,25,0.00388,0.00388,0.51,66704,259,66576,3124982,46.85,both,Netherlands,0.66704,-0.40490526484965034,0.978925741121221,0.004259898218875902
1880-1889,30,0.00503,0.00502,0.49,65321,328,65153,2794778,42.79,both,Netherlands,0.65321,-0.42585660875622733,0.9792666106980091,0.004190268781315398
1880-1889,35,0.00499,0.00497,0.49,63715,317,63553,2472242,38.80,both,Netherlands,0.63715,-0.4507501723238489,0.9754137260605318,0.004978712713524314
1880-1889,40,0.00438,0.00437,0.51,62207,272,62072,2157548,34.68,both,Netherlands,0.62207,-0.474702652382204,0.9763321039001804,0.004790496011671019
1880-1889,45,0.00506,0.00505,0.51,60814,307,60663,1849938,30.42,both,Netherlands,0.60814,-0.4973501603645673,0.9776070217178131,0.004529501596472663
1880-1889,50,0.00703,0.00701,0.50,59109,414,58903,1549933,26.22,both,Netherlands,0.59109,-0.5257869889061509,0.9719636925707896,0.005687365708316727
1880-1889,55,0.01112,0.01106,0.51,56714,627,56406,1259994,22.22,both,Netherlands,0.56714,-0.5671490921522793,0.9594816356223248,0.008272420649225665
1880-1889,60,0.01589,0.01577,0.51,53165,839,52754,984876,18.52,both,Netherlands,0.53165,-0.6317699008850419,0.9374228585534435,0.012924161746552532
1880-1889,65,0.02186,0.02163,0.50,48560,1050,48038,730071,15.03,both,Netherlands,0.4856,-0.7223700392368486,0.913382864666604,0.01812002767036134
1880-1889,70,0.03412,0.03355,0.50,42596,1429,41887,501373,11.77,both,Netherlands,0.42596,-0.8534098338349541,0.8771828665568369,0.026207958919621088
1880-1889,75,0.05764,0.05603,0.50,34419,1928,33458,307743,8.94,both,Netherlands,0.34419,-1.0665614485029757,0.8080336181801108,0.04263032293360434
1880-1889,80,0.09427,0.09004,0.50,24200,2179,23116,160620,6.64,both,Netherlands,0.242,-1.4188175528254507,0.7031000319590923,0.070451220864495
1880-1889,85,0.15073,0.14009,0.50,13611,1907,12651,66586,4.89,both,Netherlands,0.13611,-1.9942918966381549,0.5624380165289257,0.11509486876254083
1880-1889,90,0.22145,0.19886,0.49,5570,1108,5002,20248,3.64,both,Netherlands,0.0557,-2.887775132048899,0.4092278304312688,0.1786966470821488
1880-1889,95,0.32818,0.28094,0.49,1516,426,1297,4040,2.67,both,Netherlands,0.01516,-4.1890948987679115,0.27217235188509875,0.26026395334380253
1880-1889,100,0.44601,0.36364,0.49,227,82,185,460,2.03,both,Netherlands,0.00227,-6.087975447488826,0.14973614775725594,0.37977610974418285
1880-1889,105,0.67887,0.50834,0.51,16,8,12,24,1.50,both,Netherlands,1.6e-4,-8.740336742730447,0.07048458149779736,0.5304722590483243
1890-1899,0,0.19530,0.17198,0.31,100000,17198,88060,5369050,53.69,both,Netherlands,1,0,1,0
1890-1899,5,0.00516,0.00514,0.50,76615,394,76416,4967101,64.83,both,Netherlands,0.76615,-0.2663773059579518,0.76615,0.05327546119159036
1890-1899,10,0.00228,0.00228,0.49,75259,171,75172,4587952,60.96,both,Netherlands,0.75259,-0.28423468818187136,0.9823011159694577,0.0035714764447839164
1890-1899,15,0.00248,0.00248,0.51,74461,184,74370,4213656,56.59,both,Netherlands,0.74461,-0.2948946876041565,0.9893966170159051,0.0021319998844570253
1890-1899,20,0.00437,0.00436,0.50,73258,319,73098,3844017,52.47,both,Netherlands,0.73258,-0.3111827290373756,0.9838438914330992,0.0032576082866438206
1890-1899,25,0.00439,0.00438,0.49,71660,314,71499,3481738,48.59,both,Netherlands,0.7166,-0.33323747411128357,0.9781866826831199,0.004410949014781595
1890-1899,30,0.00299,0.00298,0.51,70246,210,70143,3127199,44.52,both,Netherlands,0.70246,-0.3531668188971306,0.9802679319006419,0.003985868957169403
1890-1899,35,0.00303,0.00302,0.51,69196,209,69093,2778595,40.16,both,Netherlands,0.69196,-0.3682271285033604,0.9850525296814053,0.0030120619212459674
1890-1899,40,0.00347,0.00347,0.50,68088,236,67971,2435350,35.77,both,Netherlands,0.68088,-0.3843691998134314,0.9839875137291173,0.0032284142620141896
1890-1899,45,0.00542,0.00540,0.51,66789,361,66614,2097987,31.41,both,Netherlands,0.66789,-0.40363178966387553,0.9809217483256961,0.003852517970088831
1890-1899,50,0.00700,0.00697,0.50,64819,452,64594,1768784,27.29,both,Netherlands,0.64819,-0.43357141573093416,0.9705041249307521,0.0059879252134117265
1890-1899,55,0.00842,0.00838,0.51,62405,523,62146,1450533,23.24,both,Netherlands,0.62405,-0.47152478561767436,0.9627578333513321,0.007590673977348039
1890-1899,60,0.01248,0.01240,0.51,59450,737,59089,1145474,19.27,both,Netherlands,0.5945,-0.5200345628513005,0.952648024997997,0.00970195544672522
1890-1899,65,0.02018,0.01998,0.51,55106,1101,54565,858367,15.58,both,Netherlands,0.55106,-0.5959115828356664,0.9269301934398654,0.015175403996873182
1890-1899,70,0.03328,0.03274,0.51,48655,1593,47870,597956,12.29,both,Netherlands,0.48655,-0.720415607714139,0.8829347076543389,0.024900804975694534
1890-1899,75,0.05475,0.05330,0.50,39577,2109,38532,376240,9.51,both,Netherlands,0.39577,-0.9269220445428159,0.813421025588326,0.04130128736573537
1890-1899,80,0.08505,0.08159,0.50,28423,2319,27269,205709,7.24,both,Netherlands,0.28423,-1.2579715094249797,0.7181696439851429,0.06620989297643276
1890-1899,85,0.12884,0.12104,0.50,17197,2082,16156,92075,5.35,both,Netherlands,0.17197,-1.760435235986029,0.6050381733103473,0.10049274531220984
1890-1899,90,0.19839,0.18053,0.50,7949,1435,7233,30451,3.83,both,Netherlands,0.07949,-2.532124051397116,0.4622317846135954,0.15433776308221742
1890-1899,95,0.31283,0.27017,0.50,2357,637,2036,6289,2.67,both,Netherlands,0.02357,-3.747780562034097,0.2965152849415021,0.24313130212739625
1890-1899,100,0.49348,0.39424,0.49,349,138,279,644,1.84,both,Netherlands,0.00349,-5.657853542767802,0.14806957997454392,0.3820145961467409
1890-1899,105,0.62511,0.47533,0.50,18,9,14,28,1.53,both,Netherlands,1.8e-4,-8.622553707074063,0.05157593123209169,0.5929400328612523
1900-1909,0,0.15598,0.14074,0.31,100000,14074,90229,5849956,58.50,both,Netherlands,1,0,1,0
1900-1909,5,0.00381,0.00380,0.50,81059,308,80904,5429788,66.99,both,Netherlands,0.81059,-0.20999290140485855,0.81059,0.04199858028097171
1900-1909,10,0.00210,0.00210,0.50,79961,168,79877,5027587,62.88,both,Netherlands,0.79961,-0.22363117018096798,0.9864543110573779,0.0027276537552218872
1900-1909,15,0.00262,0.00262,0.50,79137,207,79034,4629801,58.50,both,Netherlands,0.79137,-0.2339896582550069,0.9896949763009467,0.0020716976148077828
1900-1909,20,0.00283,0.00283,0.50,77984,221,77875,4236963,54.33,both,Netherlands,0.77984,-0.24866650854529568,0.9854303296814385,0.002935370058057757
1900-1909,25,0.00243,0.00242,0.51,76956,186,76865,3849681,50.02,both,Netherlands,0.76956,-0.2619363560333652,0.9868178087812884,0.0026539694976139006
1900-1909,30,0.00230,0.00230,0.51,76072,175,75986,3467147,45.58,both,Netherlands,0.76072,-0.2734899257509483,0.9885129164717501,0.0023107139435166292
1900-1909,35,0.00316,0.00315,0.52,75145,237,75031,3089011,41.11,both,Netherlands,0.75145,-0.2857506056020338,0.987814176043748,0.0024521359702170953
1900-1909,40,0.00363,0.00362,0.51,73859,267,73729,2716422,36.78,both,Netherlands,0.73859,-0.30301231578340926,0.982886419588795,0.003452342036275091
1900-1909,45,0.00350,0.00349,0.50,72518,253,72391,2350466,32.41,both,Netherlands,0.72518,-0.3213353790807447,0.981843783425175,0.0036646126594670923
1900-1909,50,0.00479,0.00478,0.51,71147,340,70982,1991143,27.99,both,Netherlands,0.71147,-0.3404220267824961,0.9810943489892164,0.0038173295403502784
1900-1909,55,0.00755,0.00753,0.51,69119,520,68865,1640117,23.73,both,Netherlands,0.69119,-0.36934052918954047,0.971495635796309,0.005783700481408871
1900-1909,60,0.01259,0.01252,0.51,65937,825,65533,1301838,19.74,both,Netherlands,0.65937,-0.41647044528484495,0.9539634543323833,0.009425983219060897
1900-1909,65,0.02054,0.02033,0.51,60986,1240,60377,983658,16.13,both,Netherlands,0.60986,-0.4945258563525381,0.9249131746970594,0.01561108221353863
1900-1909,70,0.03159,0.03111,0.51,53855,1675,53031,695582,12.92,both,Netherlands,0.53855,-0.6188749361853579,0.8830715246122061,0.024869815966563968
1900-1909,75,0.04809,0.04697,0.51,44609,2096,43573,448517,10.05,both,Netherlands,0.44609,-0.8072345535977143,0.8283167765295701,0.03767192348247128
1900-1909,80,0.07415,0.07151,0.50,33467,2393,32274,252681,7.55,both,Netherlands,0.33467,-1.0946103072888116,0.7502297742607994,0.057475150738219447
1900-1909,85,0.11991,0.11314,0.50,21275,2407,20075,115635,5.44,both,Netherlands,0.21275,-1.5476375115286536,0.6357008396330713,0.0906054408479684
1900-1909,90,0.19919,0.18123,0.50,10073,1826,9165,38217,3.79,both,Netherlands,0.10073,-2.2953116090275474,0.47346650998824913,0.14953481949977876
1900-1909,95,0.32199,0.27717,0.50,2922,810,2515,7782,2.66,both,Netherlands,0.02922,-3.5329018726595836,0.2900823984910156,0.24751805272640723
1900-1909,100,0.47219,0.38045,0.49,435,165,350,838,1.93,both,Netherlands,0.00435,-5.437579433881544,0.14887063655030802,0.38093551224439215
1900-1909,105,0.62726,0.47509,0.49,26,12,20,37,1.41,both,Netherlands,2.6e-4,-8.254828926948747,0.059770114942528735,0.5634498986134405
1910-1919,0,0.11378,0.10545,0.31,100000,10545,92678,6305564,63.06,both,Netherlands,1,0,1,0
1910-1919,5,0.00354,0.00353,0.49,85080,301,84927,5867203,68.96,both,Netherlands,0.8508,-0.1615781956560549,0.8508,0.03231563913121098
1910-1919,10,0.00126,0.00126,0.51,84089,106,84037,5444739,64.75,both,Netherlands,0.84089,-0.17329442423444966,0.9883521391631406,0.0023432457156789487
1910-1919,15,0.00146,0.00146,0.52,83573,122,83514,5025559,60.13,both,Netherlands,0.83573,-0.17944968456952687,0.9938636444719285,0.0012310520670154423
1910-1919,20,0.00189,0.00188,0.51,82868,156,82792,4609370,55.62,both,Netherlands,0.82868,-0.18792120560444903,0.9915642611848324,0.0016943042069844315
1910-1919,25,0.00279,0.00279,0.52,82015,228,81905,4197084,51.17,both,Netherlands,0.82015,-0.19826802862364223,0.9897065212144616,0.0020693646038386416
1910-1919,30,0.00279,0.00279,0.50,80841,225,80728,3789945,46.88,both,Netherlands,0.80841,-0.21268592341537534,0.9856855453270743,0.002883578958346622
1910-1919,35,0.00176,0.00176,0.48,79848,141,79775,3388339,42.44,both,Netherlands,0.79848,-0.22504535860380612,0.9877166289382863,0.0024718870376861544
1910-1919,40,0.00185,0.00185,0.50,79182,147,79109,2990759,37.77,both,Netherlands,0.79182,-0.233421185725344,0.9916591523895402,0.0016751654243075786
1910-1919,45,0.00280,0.00280,0.51,78330,219,78222,2596838,33.15,both,Netherlands,0.7833,-0.2442395146089442,0.9892399787830568,0.0021636657767200363
1910-1919,50,0.00467,0.00466,0.51,76973,359,76797,2208295,28.69,both,Netherlands,0.76973,-0.26171547497691555,0.9826758585471722,0.003495192073594272
1910-1919,55,0.00786,0.00783,0.51,74738,585,74451,1828539,24.47,both,Netherlands,0.74738,-0.29118152172149353,0.9709638444649422,0.005893209348915596
1910-1919,60,0.01212,0.01205,0.51,71318,859,70896,1462869,20.51,both,Netherlands,0.71318,-0.3380214360111431,0.9542401455752094,0.009367982857929913
1910-1919,65,0.01834,0.01818,0.51,66397,1207,65800,1117889,16.84,both,Netherlands,0.66397,-0.40951831124927446,0.9309991867410752,0.014299375047626272
1910-1919,70,0.02779,0.02741,0.50,59530,1632,58719,802221,13.48,both,Netherlands,0.5953,-0.5186897988227925,0.8965766525596036,0.021834297514703616
1910-1919,75,0.04343,0.04251,0.50,50373,2141,49306,526441,10.45,both,Netherlands,0.50373,-0.6857148687426494,0.8461783974466656,0.033405013983971374
1910-1919,80,0.06932,0.06701,0.50,38688,2593,37399,302807,7.83,both,Netherlands,0.38688,-0.9496407115557092,0.7680304925257578,0.05278516856261195
1910-1919,85,0.11399,0.10785,0.50,25130,2710,23774,142784,5.68,both,Netherlands,0.2513,-1.3811078344325904,0.649555417700579,0.08629342457537625
1910-1919,90,0.18743,0.17124,0.50,12408,2125,11336,49979,4.03,both,Netherlands,0.12408,-2.0868287601138538,0.4937524870672503,0.14114418513625265
1910-1919,95,0.29549,0.25704,0.49,3995,1027,3476,11233,2.81,both,Netherlands,0.03995,-3.2201266067698535,0.32196969696969696,0.22665956933119996
1910-1919,100,0.47430,0.38151,0.49,671,256,540,1267,1.89,both,Netherlands,0.00671,-5.004156327998547,0.16795994993742178,0.35680594424573864
1910-1919,105,0.66033,0.49105,0.48,38,19,28,51,1.34,both,Netherlands,3.8e-4,-7.875339305243843,0.05663189269746647,0.5742365954490593
1920-1925,0,0.07626,0.07241,0.30,100000,7241,94945,6803062,68.03,both,Netherlands,1,0,1,0
1920-1925,5,0.00229,0.00229,0.50,90207,207,90104,6344032,70.33,both,Netherlands,0.90207,-0.10306315660914277,0.90207,0.020612631321828553
1920-1925,10,0.00096,0.00096,0.50,89466,86,89423,5895119,65.89,both,Netherlands,0.89466,-0.11131152115126598,0.9917855598789451,0.001649672908424643
1920-1925,15,0.00120,0.00120,0.51,89052,106,89000,5448813,61.19,both,Netherlands,0.89052,-0.11594971721209459,0.9953725437596406,9.276392121657206e-4
1920-1925,20,0.00430,0.00430,0.50,88218,379,88030,5005178,56.74,both,Netherlands,0.88218,-0.12535916216451626,0.9906346853523784,0.0018818889904843345
1920-1925,25,0.00188,0.00188,0.46,86501,162,86413,4568667,52.82,both,Netherlands,0.86501,-0.14501421142344048,0.980536851889637,0.003931009851784845
1920-1925,30,0.00103,0.00103,0.50,85953,89,85909,4137697,48.14,both,Netherlands,0.85953,-0.1513695507544024,0.9936648131235477,0.0012710678661923824
1920-1925,35,0.00114,0.00114,0.51,85495,97,85448,3709059,43.38,both,Netherlands,0.85495,-0.1567122912875351,0.9946715065210057,0.0010685481066265434
1920-1925,40,0.00173,0.00173,0.51,84934,147,84862,3282899,38.65,both,Netherlands,0.84934,-0.16329570169543475,0.9934382127609802,0.0013166820815799286
1920-1925,45,0.00285,0.00284,0.51,84040,239,83923,2860272,34.03,both,Netherlands,0.8404,-0.17387731001129167,0.9894741799514918,0.0021163216631713833
1920-1925,50,0.00467,0.00466,0.51,82559,385,82371,2443459,29.60,both,Netherlands,0.82559,-0.19165699673129524,0.9823774393146121,0.0035559373440007145
1920-1925,55,0.00692,0.00690,0.50,80280,554,80005,2035991,25.36,both,Netherlands,0.8028,-0.21964966205995404,0.9723954989764896,0.005598533065731759
1920-1925,60,0.01088,0.01082,0.50,77006,833,76589,1642252,21.33,both,Netherlands,0.77006,-0.2612868450922529,0.9592177379172895,0.008327436606459775
1920-1925,65,0.01676,0.01662,0.50,72171,1200,71576,1268605,17.58,both,Netherlands,0.72171,-0.3261318828269804,0.9372126847258655,0.012969007546945499
1920-1925,70,0.02571,0.02539,0.50,65329,1659,64506,923944,14.14,both,Netherlands,0.65329,-0.42573414415599764,0.9051973784484073,0.019920452265803447
1920-1925,75,0.04032,0.03953,0.50,55946,2212,54848,619644,11.08,both,Netherlands,0.55946,-0.580783246189793,0.8563731267890217,0.03100982040675908
1920-1925,80,0.06340,0.06145,0.50,43893,2697,42545,368985,8.41,both,Netherlands,0.43893,-0.8234153319239564,0.7845601115361241,0.04852641714683268
1920-1925,85,0.09746,0.09292,0.50,30056,2793,28657,183837,6.12,both,Netherlands,0.30056,-1.2021078777164236,0.6847561114528512,0.07573850915849342
1920-1925,90,0.16906,0.15585,0.50,16345,2547,15068,68298,4.18,both,Netherlands,0.16345,-1.8112481458119174,0.5438182060154378,0.12182805361909876
1920-1925,95,0.29306,0.25532,0.50,5577,1424,4859,15716,2.82,both,Netherlands,0.05577,-2.886519188580675,0.34120526154787395,0.2150542085537515
1920-1925,100,0.47632,0.38304,0.49,937,359,754,1769,1.89,both,Netherlands,0.00937,-4.670242182731807,0.16801147570378339,0.35674459883022636
1920-1925,105,0.65598,0.48945,0.48,53,26,40,72,1.34,both,Netherlands,5.3e-4,-7.542633551418106,0.05656350053361793,0.5744782737372599
