Year,Age,mx,qx,ax,lx,dx,Lx,Tx,ex,Sex,Country,Prob,logProb,CP,Haz
1850-1859,0,0.26671,0.22470,0.30,100000,22470,84250,3895484,38.95,Male,Netherlands,1,0,1,0
1850-1859,5,0.01567,0.01556,0.52,66083,1028,65586,3530984,53.43,Male,Netherlands,0.66083,-0.414258658290157,0.66083,0.0828517316580314
1850-1859,10,0.00624,0.00622,0.50,62506,389,62309,3210951,51.37,Male,Netherlands,0.62506,-0.46990763385344075,0.9458711014935762,0.011129795112656748
1850-1859,15,0.00486,0.00485,0.49,60869,295,60719,2902765,47.69,Male,Netherlands,0.60869,-0.4964461720712894,0.9738105141906377,0.005307707643569725
1850-1859,20,0.00984,0.00979,0.49,58946,577,58654,2602704,44.15,Male,Netherlands,0.58946,-0.5285484154205616,0.9684075637845209,0.00642044866985445
1850-1859,25,0.00777,0.00774,0.49,56430,437,56208,2314600,41.02,Male,Netherlands,0.5643,-0.5721692540070427,0.9573168662843959,0.008724167717296205
1850-1859,30,0.00727,0.00725,0.50,54375,394,54178,2037732,37.48,Male,Netherlands,0.54375,-0.6092656965792432,0.9635832004253057,0.007419288514440114
1850-1859,35,0.00800,0.00797,0.50,52418,418,52211,1770703,33.78,Male,Netherlands,0.52418,-0.6459201421972636,0.9640091954022989,0.007330889123604067
1850-1859,40,0.00850,0.00847,0.51,50320,426,50110,1513855,30.08,Male,Netherlands,0.5032,-0.6867675735959063,0.9599755809073219,0.008169486279728555
1850-1859,45,0.00967,0.00962,0.51,48118,463,47890,1267666,26.35,Male,Netherlands,0.48118,-0.731513858505136,0.9562400635930047,0.008949256981845921
1850-1859,50,0.01182,0.01175,0.51,45643,536,45379,1033105,22.63,Male,Netherlands,0.45643,-0.7843199313402595,0.9485639469637142,0.0105612145670247
1850-1859,55,0.01523,0.01511,0.51,42751,646,42432,811821,18.99,Male,Netherlands,0.42751,-0.8497775990660408,0.9366386959665228,0.013091533545156265
1850-1859,60,0.02324,0.02298,0.51,39047,897,38605,606804,15.54,Male,Netherlands,0.39047,-0.9404041372374228,0.9133587518420622,0.0181253076342764
1850-1859,65,0.03391,0.03335,0.51,34060,1136,33498,423410,12.43,Male,Netherlands,0.3406,-1.0770465107535492,0.8722821215458294,0.027328474703225282
1850-1859,70,0.05115,0.04990,0.51,27911,1393,27228,268015,9.60,Male,Netherlands,0.27911,-1.2761493096299106,0.8194656488549619,0.03982055977527228
1850-1859,75,0.08161,0.07848,0.51,20520,1610,19734,146416,7.14,Male,Netherlands,0.2052,-1.5837701656855225,0.7351940095302927,0.06152417121112239
1850-1859,80,0.13171,0.12375,0.51,12495,1546,11740,63922,5.12,Male,Netherlands,0.12495,-2.0798416217011755,0.6089181286549707,0.09921429120313059
1850-1859,85,0.22525,0.20315,0.52,5485,1114,4947,19703,3.59,Male,Netherlands,0.05485,-2.9031530922608977,0.43897559023609445,0.16466229411194444
1850-1859,90,0.32399,0.27974,0.51,1414,395,1221,3911,2.77,Male,Netherlands,0.01414,-4.25874761851371,0.2577939835916135,0.2711189052505625
1850-1859,95,0.35060,0.29790,0.50,228,68,194,511,2.24,Male,Netherlands,0.00228,-6.0835798360157876,0.16124469589816123,0.3649664435004155
1850-1859,100,0.64275,0.49474,0.53,19,9,14,27,1.46,Male,Netherlands,1.9e-4,-8.568486485803788,0.08333333333333333,0.49698132995760014
1850-1859,105,0.59879,0.50000,0.67,0,0,0,1,1.51,Male,Netherlands,0,-Inf,0,Inf
1860-1869,0,0.27097,0.22772,0.30,100000,22772,84039,4120529,41.21,Male,Netherlands,1,0,1,0
1860-1869,5,0.01387,0.01377,0.49,66430,915,65966,3755850,56.54,Male,Netherlands,0.6643,-0.4090214243109416,0.6643,0.08180428486218831
1860-1869,10,0.00476,0.00474,0.49,63496,301,63342,3432451,54.06,Male,Netherlands,0.63496,-0.454193274199517,0.9558332078880024,0.009034369977715085
1860-1869,15,0.00383,0.00382,0.49,62274,238,62153,3118253,50.07,Male,Netherlands,0.62274,-0.4736261827768845,0.9807546932090211,0.0038865817154735026
1860-1869,20,0.00731,0.00728,0.50,60717,442,60494,2810354,46.29,Male,Netherlands,0.60717,-0.4989464612359131,0.974997591290105,0.005064055691805713
1860-1869,25,0.00674,0.00672,0.50,58556,394,58359,2512281,42.90,Male,Netherlands,0.58556,-0.5351866246789261,0.9644086499662368,0.007248032688602602
1860-1869,30,0.00610,0.00608,0.50,56712,345,56541,2224211,39.22,Male,Netherlands,0.56712,-0.567184357435375,0.9685087779219892,0.006399546551289781
1860-1869,35,0.00600,0.00598,0.51,55026,329,54864,1944897,35.35,Male,Netherlands,0.55026,-0.5973643851832293,0.9702708421498095,0.006036005549570867
1860-1869,40,0.00673,0.00671,0.50,53339,358,53162,1673919,31.38,Male,Netherlands,0.53339,-0.6285024150665055,0.9693417657107549,0.006227605976655237
1860-1869,45,0.00779,0.00776,0.50,51524,400,51326,1411693,27.40,Male,Netherlands,0.51524,-0.6631224674542499,0.9659723654361724,0.00692401047754887
1860-1869,50,0.01023,0.01018,0.50,49391,503,49140,1159211,23.47,Male,Netherlands,0.49391,-0.7054019646269604,0.9586018166291437,0.008455899434542103
1860-1869,55,0.01399,0.01390,0.51,46566,647,46249,918961,19.73,Male,Netherlands,0.46566,-0.7642995248880345,0.94280334473892,0.011779512052214836
1860-1869,60,0.01955,0.01936,0.51,42997,832,42588,694717,16.16,Male,Netherlands,0.42997,-0.8440398401702506,0.9233560967229308,0.015948063056443206
1860-1869,65,0.02986,0.02943,0.51,38351,1129,37798,490764,12.80,Male,Netherlands,0.38351,-0.9583895828954933,0.8919459497174221,0.022869948545048535
1860-1869,70,0.04697,0.04592,0.51,31989,1469,31270,314194,9.82,Male,Netherlands,0.31989,-1.1397780922839391,0.834111235691377,0.036277701877689174
1860-1869,75,0.08532,0.08191,0.51,23787,1948,22837,173925,7.31,Male,Netherlands,0.23787,-1.4360309730297198,0.743599362280784,0.059250576149156145
1860-1869,80,0.13255,0.12453,0.51,14274,1778,13411,78918,5.53,Male,Netherlands,0.14274,-1.9467304854392158,0.6000756715853197,0.10213990248189919
1860-1869,85,0.18021,0.16531,0.50,6673,1103,6121,27656,4.14,Male,Netherlands,0.06673,-2.707100652066622,0.4674933445425249,0.15207403332548125
1860-1869,90,0.28573,0.24884,0.48,2199,547,1915,6548,2.98,Male,Netherlands,0.02199,-3.8171674744154673,0.32953693990708827,0.22201336446976905
1860-1869,95,0.43678,0.35444,0.47,412,146,335,893,2.16,Male,Netherlands,0.00412,-5.491902115620702,0.18735788994997726,0.33494692824104694
1860-1869,100,0.54617,0.43043,0.51,40,17,32,67,1.66,Male,Netherlands,4e-4,-7.824046010856292,0.0970873786407767,0.466428779047118
1860-1869,105,0.49907,0.40000,0.50,1,0,1,1,1.20,Male,Netherlands,1e-5,-11.512925464970229,0.025,0.7377758908227874
1870-1879,0,0.28139,0.23503,0.30,100000,23503,83527,4402331,44.02,Male,Netherlands,1,0,1,0
1870-1879,5,0.00938,0.00933,0.48,67794,633,67466,4036768,59.54,Male,Netherlands,0.67794,-0.3886964905329272,0.67794,0.07773929810658545
1870-1879,10,0.00378,0.00377,0.49,65633,248,65507,3704124,56.44,Male,Netherlands,0.65633,-0.4210915677441805,0.9681240227748769,0.006479015442250657
1870-1879,15,0.00326,0.00326,0.50,64611,210,64506,3378647,52.29,Male,Netherlands,0.64611,-0.43678551105752605,0.9844285648987552,0.003138788662669112
1870-1879,20,0.00630,0.00628,0.51,63157,396,62962,3058845,48.43,Male,Netherlands,0.63157,-0.45954649614545506,0.9774960919967188,0.004552197017585802
1870-1879,25,0.00557,0.00555,0.50,61247,340,61079,2747935,44.87,Male,Netherlands,0.61247,-0.4902553173546312,0.9697579049036528,0.006141764241835224
1870-1879,30,0.00452,0.00451,0.50,59687,269,59553,2445717,40.98,Male,Netherlands,0.59687,-0.51605594474558,0.9745293647035773,0.00516012547818977
1870-1879,35,0.00471,0.00470,0.51,58363,274,58228,2150592,36.85,Male,Netherlands,0.58363,-0.5384880585827349,0.9778176152260961,0.004486422767430965
1870-1879,40,0.00569,0.00568,0.50,56945,323,56783,1862177,32.70,Male,Netherlands,0.56945,-0.5630842962617769,0.9757037849322344,0.004919247535808413
1870-1879,45,0.00675,0.00673,0.50,55237,372,55051,1581636,28.63,Male,Netherlands,0.55237,-0.5935371673938801,0.9700061462814997,0.006090574226420631
1870-1879,50,0.00804,0.00800,0.51,53307,427,53096,1310194,24.58,Male,Netherlands,0.53307,-0.6291025313570437,0.965059652044825,0.007113072792632735
1870-1879,55,0.01134,0.01127,0.51,50911,574,50629,1049356,20.61,Male,Netherlands,0.50911,-0.6750911757603745,0.9550528073236161,0.009197728880666145
1870-1879,60,0.01754,0.01739,0.51,47534,827,47129,802733,16.89,Male,Netherlands,0.47534,-0.74372494152891655,0.9336685588576142,0.013726753153708415
1870-1879,65,0.03034,0.02989,0.51,42686,1276,42062,576412,13.50,Male,Netherlands,0.42686,-0.851299188366715,0.8980098455842134,0.021514849367559697
1870-1879,70,0.04552,0.04453,0.51,35620,1586,34849,379838,10.66,Male,Netherlands,0.3562,-1.0322629081265757,0.8344656327601555,0.03619274395197214
1870-1879,75,0.06706,0.06492,0.51,27224,1767,26354,222132,8.16,Male,Netherlands,0.27224,-1.3010712487894869,0.7642897248736665,0.05376166813258223
1870-1879,80,0.10802,0.10248,0.50,18114,1856,17185,108411,5.98,Male,Netherlands,0.18114,-1.7084850660353346,0.6653687922421393,0.08148276344916953
1870-1879,85,0.17401,0.15995,0.49,9279,1484,8529,40490,4.36,Male,Netherlands,0.09279,-2.3774164036170493,0.5122557138125207,0.13378626751634295
1870-1879,90,0.25718,0.22719,0.49,3294,748,2910,10564,3.21,Male,Netherlands,0.03294,-3.4130675542326427,0.35499515033947626,0.20713023012311868
1870-1879,95,0.37209,0.31138,0.48,717,223,600,1688,2.36,Male,Netherlands,0.00717,-4.9378496243706085,0.21766848816029144,0.30495641402759316
1870-1879,100,0.47418,0.38095,0.48,74,28,59,141,1.90,Male,Netherlands,7.4e-4,-7.208860371766058,0.10320781032078104,0.45420214947909
1870-1879,105,0.84064,0.57143,0.44,4,2,3,5,1.23,Male,Netherlands,4e-5,-10.126631103850338,0.05405405405405406,0.5835541464168559
1880-1889,0,0.24836,0.21154,0.30,100000,21154,85173,4750449,47.50,Male,Netherlands,1,0,1,0
1880-1889,5,0.00815,0.00812,0.49,70604,573,70311,4372318,61.93,Male,Netherlands,0.70604,-0.3480833858700588,0.70604,0.06961667717401177
1880-1889,10,0.00274,0.00274,0.49,68807,189,68712,4024689,58.49,Male,Netherlands,0.68807,-0.3738647020383356,0.9745481842388534,0.005156263233655356
1880-1889,15,0.00278,0.00277,0.50,67943,189,67849,3682836,54.20,Male,Netherlands,0.67943,-0.38650106762175546,0.9874431380528144,0.0025272731166839702
1880-1889,20,0.00495,0.00494,0.50,66650,329,66486,3345995,50.20,Male,Netherlands,0.6665,-0.4057151393633737,0.9809693419483979,0.0038428143483236533
1880-1889,25,0.00406,0.00405,0.50,65118,264,64987,3016706,46.33,Male,Netherlands,0.65118,-0.4289691772961585,0.9770142535633909,0.00465080758655696
1880-1889,30,0.00488,0.00487,0.48,63790,311,63628,2694365,42.24,Male,Netherlands,0.6379,-0.44957374773422737,0.9796062532633066,0.004120914087613769
1880-1889,35,0.00441,0.00440,0.48,62302,274,62160,2379223,38.19,Male,Netherlands,0.62302,-0.4731766579812335,0.9766734597899357,0.004720582049401223
1880-1889,40,0.00396,0.00396,0.50,60962,241,60843,2071170,33.97,Male,Netherlands,0.60962,-0.49491946674893406,0.9784918622195115,0.004348561753540115
1880-1889,45,0.00500,0.00498,0.51,59708,298,59563,1769397,29.63,Male,Netherlands,0.59708,-0.515704171217098,0.9794298087333093,0.004156940893632788
1880-1889,50,0.00697,0.00694,0.51,58068,403,57869,1474751,25.40,Male,Netherlands,0.58068,-0.5435554483889096,0.9725329939036645,0.005570255434362315
1880-1889,55,0.01200,0.01193,0.51,55659,664,55335,1189956,21.38,Male,Netherlands,0.55659,-0.5859263962752409,0.9585141558173176,0.008474189577266266
1880-1889,60,0.01777,0.01761,0.51,51858,913,51411,920669,17.75,Male,Netherlands,0.51858,-0.6566609719895352,0.9317091575486445,0.014146915142858863
1880-1889,65,0.02376,0.02348,0.50,46918,1102,46371,673231,14.35,Male,Netherlands,0.46918,-0.7567687888572702,0.9047398665586794,0.02002156337354699
1880-1889,70,0.03756,0.03688,0.50,40659,1499,39915,453439,11.15,Male,Netherlands,0.40659,-0.8999499722861027,0.866597041647129,0.028636236685766515
1880-1889,75,0.06373,0.06177,0.50,32133,1985,31145,270394,8.41,Male,Netherlands,0.32133,-1.1352866465374891,0.7903047295801667,0.047067334850277275
1880-1889,80,0.10371,0.09860,0.50,21737,2143,20666,135293,6.22,Male,Netherlands,0.21737,-1.526154308297363,0.6764696729219183,0.07817353235197477
1880-1889,85,0.16556,0.15278,0.50,11564,1767,10672,52767,4.56,Male,Netherlands,0.11564,-2.1572733618339917,0.5319961356212909,0.12622381070732575
1880-1889,90,0.24011,0.21376,0.49,4352,930,3874,14712,3.38,Male,Netherlands,0.04352,-3.1345346764344497,0.37634036665513665,0.1954522629200916
1880-1889,95,0.35393,0.29946,0.49,1043,312,883,2580,2.47,Male,Netherlands,0.01043,-4.563069009969456,0.23965992647058823,0.28570686670700124
1880-1889,100,0.49886,0.39653,0.48,130,52,104,248,1.91,Male,Netherlands,0.0013,-6.645391014514646,0.12464046021093,0.4164644009090381
1880-1889,105,0.87931,0.61818,0.52,8,5,5,10,1.25,Male,Netherlands,8e-5,-9.433483923290392,0.06153846153846154,0.5576185817551492
1890-1899,0,0.21510,0.18692,0.30,100000,18692,86899,5139055,51.39,Male,Netherlands,1,0,1,0
1890-1899,5,0.00528,0.00526,0.49,75107,395,74906,4744224,63.17,Male,Netherlands,0.75107,-0.2862564225071024,0.75107,0.05725128450142049
1890-1899,10,0.00224,0.00223,0.49,73757,165,73672,4372622,59.28,Male,Netherlands,0.73757,-0.30439428001809266,0.982025643415394,0.0036275715021980457
1890-1899,15,0.00223,0.00223,0.51,73021,163,72942,4005723,54.86,Male,Netherlands,0.73021,-0.3144231149762589,0.9900212861152162,0.002005766991633251
1890-1899,20,0.00478,0.00477,0.50,71826,343,71655,3643151,50.72,Male,Netherlands,0.71826,-0.3309236584908035,0.9836348447706824,0.0033001087029089216
1890-1899,25,0.00443,0.00442,0.48,70154,310,69993,3288264,46.87,Male,Netherlands,0.70154,-0.3544773603952451,0.9767215214546264,0.004710740380888312
1890-1899,30,0.00281,0.00281,0.51,68798,193,68704,2941148,42.75,Male,Netherlands,0.68798,-0.37399551123876906,0.9806710950195284,0.003903630168704797
1890-1899,35,0.00281,0.00280,0.51,67849,190,67757,2599555,38.31,Male,Netherlands,0.67849,-0.38788553820933946,0.9862059943603012,0.0027780053941140804
1890-1899,40,0.00340,0.00340,0.51,66833,227,66722,2262797,33.86,Male,Netherlands,0.66833,-0.40297321545318704,0.9850255714896314,0.003017535448769515
1890-1899,45,0.00624,0.00622,0.52,65539,408,65342,1931639,29.47,Male,Netherlands,0.65539,-0.42252480069162185,0.9806383074229796,0.003910317047686962
1890-1899,50,0.00807,0.00803,0.51,63349,509,63098,1609236,25.40,Male,Netherlands,0.63349,-0.4565110646651855,0.966584781580433,0.006797252794712727
1890-1899,55,0.00949,0.00945,0.51,60640,573,60358,1299042,21.42,Male,Netherlands,0.6064,-0.500215444653975,0.9572368940314764,0.008740875997757913
1890-1899,60,0.01520,0.01509,0.51,57281,864,56856,1003653,17.52,Male,Netherlands,0.57281,-0.5572012053875334,0.9446075197889182,0.011397152146711664
1890-1899,65,0.02551,0.02519,0.51,52137,1313,51492,729212,13.99,Male,Netherlands,0.52137,-0.6512953165373849,0.9101970985143416,0.018818822229970313
1890-1899,70,0.04169,0.04085,0.51,44545,1820,43646,486401,10.92,Male,Netherlands,0.44545,-0.8086702718154842,0.8543836430941558,0.031474991055619864
1890-1899,75,0.06845,0.06620,0.50,34389,2277,33260,288015,8.38,Male,Netherlands,0.34389,-1.067433440187109,0.772005836794253,0.05175263367432496
1890-1899,80,0.10438,0.09921,0.50,22790,2261,21659,144989,6.36,Male,Netherlands,0.2279,-1.4788483427304986,0.6627119136933322,0.08228298050867791
1890-1899,85,0.15725,0.14575,0.50,12327,1797,11424,58149,4.72,Male,Netherlands,0.12327,-2.093378207418709,0.5408951294427381,0.12290597293764205
1890-1899,90,0.23453,0.20996,0.50,4887,1026,4375,16718,3.42,Male,Netherlands,0.04887,-3.018591567700074,0.39644682404477977,0.185042672056273
1890-1899,95,0.35750,0.30257,0.49,1196,362,1012,2885,2.41,Male,Netherlands,0.01196,-4.426187530459651,0.24473091876406794,0.28151919255191543
1890-1899,100,0.58195,0.44768,0.48,141,63,109,230,1.63,Male,Netherlands,0.00141,-6.56416557459206,0.11789297658862877,0.42759560882648184
1890-1899,105,0.63496,0.48287,0.50,5,3,4,8,1.50,Male,Netherlands,5e-5,-9.903487552536127,0.03546099290780142,0.6678643955888134
1900-1909,0,0.17088,0.15260,0.30,100000,15260,89304,5530687,55.31,Male,Netherlands,1,0,1,0
1900-1909,5,0.00399,0.00398,0.50,79745,317,79587,5116568,64.16,Male,Netherlands,0.79745,-0.22633614221337395,0.79745,0.04526722844267479
1900-1909,10,0.00207,0.00207,0.50,78626,162,78545,4721018,60.04,Male,Netherlands,0.78626,-0.24046775244741364,0.9859677722741238,0.0028263220468079386
1900-1909,15,0.00243,0.00243,0.50,77872,189,77778,4329785,55.60,Male,Netherlands,0.77872,-0.25010373289699295,0.9904102968483708,0.0019271960899158614
1900-1909,20,0.00293,0.00293,0.50,76751,225,76639,3943117,51.38,Male,Netherlands,0.76751,-0.26460377028970467,0.9856045818779535,0.0029000074785423434
1900-1909,25,0.00243,0.00243,0.51,75688,184,75598,3562094,47.06,Male,Netherlands,0.75688,-0.27855055858594824,0.9861500175893474,0.0027893576592487148
1900-1909,30,0.00238,0.00238,0.51,74831,178,74744,3185854,42.57,Male,Netherlands,0.74831,-0.2899379483609017,0.9886772011415284,0.002277477954990692
1900-1909,35,0.00364,0.00363,0.52,73868,268,73741,2813957,38.09,Male,Netherlands,0.73868,-0.3028904694044651,0.9871310018575189,0.002590504208712685
1900-1909,40,0.00426,0.00425,0.51,72401,308,72251,2448194,33.81,Male,Netherlands,0.72401,-0.32295007453711144,0.9801402501759896,0.004011921026529264
1900-1909,45,0.00394,0.00394,0.50,70866,279,70726,2090005,29.49,Male,Netherlands,0.70866,-0.34437941613032624,0.9787986353779644,0.00428586831864296
1900-1909,50,0.00565,0.00564,0.52,69352,391,69163,1739269,25.08,Male,Netherlands,0.69352,-0.3659752004217521,0.9786357350492478,0.004319156858285167
1900-1909,55,0.00992,0.00987,0.51,66907,660,66585,1398081,20.90,Male,Netherlands,0.66907,-0.40186659054587703,0.9647450686353674,0.007178278024824991
1900-1909,60,0.01732,0.01718,0.51,62815,1079,62288,1072902,17.08,Male,Netherlands,0.62815,-0.4649762875317102,0.93884048006935,0.012621939397166637
1900-1909,65,0.02879,0.02839,0.51,56387,1601,55602,773811,13.72,Male,Netherlands,0.56387,-0.5729315505063692,0.8976677545172331,0.021591052594931805
1900-1909,70,0.04459,0.04363,0.51,47350,2066,46333,513403,10.84,Male,Netherlands,0.4735,-0.7476033663560042,0.8397325624700729,0.034934363169927
1900-1909,75,0.06829,0.06605,0.50,36245,2394,35059,303659,8.38,Male,Netherlands,0.36245,-1.0148687452352503,0.7654699049630412,0.053453075775849214
1900-1909,80,0.10284,0.09782,0.50,24161,2363,22981,152591,6.32,Male,Netherlands,0.24161,-1.420430423049573,0.6666022899710304,0.08111233556286454
1900-1909,85,0.15840,0.14677,0.50,13075,1919,12115,60270,4.61,Male,Netherlands,0.13075,-2.034468176037105,0.5411613757708704,0.12280755059750637
1900-1909,90,0.24457,0.21800,0.50,5015,1093,4470,16632,3.32,Male,Netherlands,0.05015,-2.9927367645741927,0.3835564053537285,0.19165371770741757
1900-1909,95,0.36825,0.31046,0.49,1157,359,975,2773,2.40,Male,Netherlands,0.01157,-4.459339737776552,0.23070787637088733,0.29332059464047183
1900-1909,100,0.53185,0.41766,0.49,133,55,104,234,1.76,Male,Netherlands,0.00133,-6.622576336748475,0.11495246326707001,0.43264731979438464
1900-1909,105,0.63736,0.48063,0.49,7,3,5,8,1.29,Male,Netherlands,7e-5,-9.567015315914915,0.05263157894736842,0.5888877958332881
1910-1919,0,0.12584,0.11564,0.30,100000,11564,91895,5929476,59.29,Male,Netherlands,1,0,1,0
1910-1919,5,0.00369,0.00368,0.49,83987,309,83830,5496152,65.44,Male,Netherlands,0.83987,-0.17450816102639896,0.83987,0.034901632205279795
1910-1919,10,0.00132,0.00132,0.51,82968,109,82915,5079231,61.22,Male,Netherlands,0.82968,-0.1867151947006583,0.9878671699191541,0.0024414067348518696
1910-1919,15,0.00147,0.00147,0.52,82444,121,82386,4665692,56.59,Male,Netherlands,0.82444,-0.19305091100704047,0.9936843120239128,0.0012671432612764322
1910-1919,20,0.00217,0.00216,0.52,81715,177,81629,4255171,52.07,Male,Netherlands,0.81715,-0.20193260244307004,0.991157634272961,0.0017763382872059141
1910-1919,25,0.00355,0.00355,0.52,80719,286,80582,3848971,47.68,Male,Netherlands,0.80719,-0.21419619852294483,0.9878112953558098,0.002452719215974958
1910-1919,30,0.00353,0.00353,0.50,79236,279,79096,3449086,43.53,Male,Netherlands,0.79236,-0.2327394449876568,0.9816276217495261,0.0037086492929423952
1910-1919,35,0.00198,0.00198,0.47,78047,154,77966,3056049,39.16,Male,Netherlands,0.78047,-0.2478589766647903,0.9849941945580292,0.003023906335426696
1910-1919,40,0.00202,0.00202,0.50,77343,156,77265,2667569,34.49,Male,Netherlands,0.77343,-0.2569201108017402,0.9909797942265558,0.0018122268273899843
1910-1919,45,0.00331,0.00330,0.51,76396,252,76272,2283027,29.88,Male,Netherlands,0.76396,-0.2692398472071833,0.9877558408647195,0.0024639472810886187
1910-1919,50,0.00593,0.00591,0.51,74778,442,74562,1904693,25.47,Male,Netherlands,0.74778,-0.2906464619157966,0.9788208806743809,0.004281322941722654
1910-1919,55,0.01065,0.01060,0.51,71947,762,71573,1537198,21.37,Male,Netherlands,0.71947,-0.3292404491459608,0.9621412714969644,0.007718797446032844
1910-1919,60,0.01722,0.01708,0.51,67418,1151,66853,1188029,17.62,Male,Netherlands,0.67418,-0.394258141410082,0.9370508846789998,0.013003538452824237
1910-1919,65,0.02670,0.02635,0.51,60834,1603,60042,866505,14.24,Male,Netherlands,0.60834,-0.49702134278959365,0.9023406211990863,0.020552640275902333
1910-1919,70,0.04082,0.04000,0.50,51825,2073,50793,583840,11.27,Male,Netherlands,0.51825,-0.6572975276662482,0.8519084722359207,0.0320552369753309
1910-1919,75,0.06334,0.06140,0.50,40550,2490,39309,352010,8.68,Male,Netherlands,0.4055,-0.9026344054266694,0.7824409068982151,0.04906737555208425
1910-1919,80,0.09769,0.09315,0.50,27699,2580,26413,181051,6.54,Male,Netherlands,0.27699,-1.2837738745294909,0.6830826140567201,0.0762278938205643
1910-1919,85,0.14946,0.13904,0.50,15341,2133,14271,74093,4.83,Male,Netherlands,0.15341,-1.8746412031254551,0.5538467092674826,0.11817346571919285
1910-1919,90,0.22932,0.20558,0.50,6239,1283,5593,21814,3.50,Male,Netherlands,0.06239,-2.7743502728594422,0.40668796036764226,0.17994181394679742
1910-1919,95,0.34515,0.29389,0.49,1583,465,1348,3978,2.51,Male,Netherlands,0.01583,-4.145848405089216,0.25372655874338834,0.27429962644595485
1910-1919,100,0.52324,0.41178,0.48,204,84,160,351,1.72,Male,Netherlands,0.00204,-6.194805471126012,0.12886923562855337,0.40979141320735907
1910-1919,105,0.78440,0.55327,0.47,9,5,6,9,1.03,Male,Netherlands,9e-5,-9.315700887634009,0.04411764705882353,0.6241790833015994
1920-1925,0,0.08545,0.08062,0.30,100000,8062,94349,6400640,64.01,Male,Netherlands,1,0,1,0
1920-1925,5,0.00247,0.00247,0.50,89245,220,89135,5945842,66.62,Male,Netherlands,0.89245,-0.1137847893066203,0.89245,0.02275695786132406
1920-1925,10,0.00108,0.00108,0.51,88441,95,88394,5501915,62.21,Male,Netherlands,0.88441,-0.12283452296191123,0.9909910919379237,0.0018099467310581873
1920-1925,15,0.00125,0.00125,0.51,87996,110,87942,5060808,57.51,Male,Netherlands,0.87996,-0.12787882708842863,0.9949683970104364,0.0010088608253034786
1920-1925,20,0.00626,0.00624,0.50,86990,542,86721,4622658,53.14,Male,Netherlands,0.8699,-0.13937701646864198,0.9885676621664621,0.0022996378760426705
1920-1925,25,0.00247,0.00246,0.45,84549,208,84435,4194256,49.61,Male,Netherlands,0.84549,-0.16783893803455718,0.9719393033682032,0.005692384313183041
1920-1925,30,0.00116,0.00115,0.50,83895,97,83846,3773396,44.98,Male,Netherlands,0.83895,-0.17560416904643042,0.9922648405066884,0.0015530462023746472
1920-1925,35,0.00127,0.00127,0.50,83394,106,83341,3355153,40.23,Male,Netherlands,0.83394,-0.18159382165741533,0.9940282495977114,0.0011979305221969827
1920-1925,40,0.00207,0.00206,0.51,82770,171,82687,2939623,35.52,Male,Netherlands,0.8277,-0.18910450909078697,0.9925174472983668,0.0015021374866743264
1920-1925,45,0.00346,0.00346,0.51,81723,283,81585,2528157,30.94,Male,Netherlands,0.81723,-0.2018347059929619,0.9873504893077202,0.002546039380434989
1920-1925,50,0.00602,0.00601,0.51,79939,480,79705,2123585,26.57,Male,Netherlands,0.79939,-0.22390634216519334,0.9781701601752261,0.004414327234446286
1920-1925,55,0.00949,0.00945,0.51,77036,728,76677,1730601,22.46,Male,Netherlands,0.77036,-0.2608973409261256,0.9636848096673714,0.007398199752186451
1920-1925,60,0.01544,0.01532,0.50,72730,1114,72170,1355471,18.64,Male,Netherlands,0.7273,-0.31841623182164214,0.9441040552468976,0.011503778179103308
1920-1925,65,0.02399,0.02371,0.50,66317,1572,65533,1006923,15.18,Male,Netherlands,0.66317,-0.41072391140735576,0.9118245565791283,0.018461535917142724
1920-1925,70,0.03680,0.03614,0.50,57505,2078,56473,696342,12.11,Male,Netherlands,0.57505,-0.5532982854435468,0.8671230604520711,0.0285148748072382
1920-1925,75,0.05700,0.05543,0.50,46100,2555,44829,436319,9.46,Male,Netherlands,0.461,-0.7743572359854884,0.8016694200504304,0.04421179010838834
1920-1925,80,0.08596,0.08242,0.50,32944,2715,31589,238284,7.23,Male,Netherlands,0.32944,-1.1103610357026577,0.7146203904555315,0.06720075994343384
1920-1925,85,0.12388,0.11665,0.50,19943,2326,18779,106754,5.35,Male,Netherlands,0.19943,-1.612291981417007,0.6053606119475473,0.10038618914286986
1920-1925,90,0.20210,0.18354,0.50,9368,1719,8508,34662,3.70,Male,Netherlands,0.09368,-2.3678705596926752,0.46973875545304117,0.15111571565513365
1920-1925,95,0.34426,0.29332,0.50,2629,771,2240,6625,2.52,Male,Netherlands,0.02629,-3.6385666402403474,0.28063620836891545,0.25413921610953444
1920-1925,100,0.52449,0.41269,0.48,340,140,267,584,1.72,Male,Netherlands,0.0034,-5.683979847360021,0.1293267402054013,0.40908264142393475
1920-1925,105,0.77451,0.54909,0.47,15,8,11,15,1.03,Male,Netherlands,1.5e-4,-8.804875263868018,0.04411764705882353,0.6241790833015994
