Netherlands, Life tables (cohort 1x10), Total	Last modified: 10 May 2018;  Methods Protocol: v6 (2017)

  Year          Age         mx       qx    ax      lx      dx      Lx       Tx     ex
1850-1859        0      0.24619  0.21026  0.31  100000   21026   85405  3994663  39.95
1850-1859        1      0.07360  0.07089  0.48   78974    5599   76064  3909258  49.50
1850-1859        2      0.04080  0.04000  0.51   73375    2935   71934  3833194  52.24
1850-1859        3      0.02572  0.02540  0.51   70440    1789   69561  3761260  53.40
1850-1859        4      0.01929  0.01911  0.51   68651    1312   68008  3691699  53.77
1850-1859        5      0.01555  0.01543  0.51   67339    1039   66834  3623691  53.81
1850-1859        6      0.01261  0.01253  0.49   66300     831   65879  3556857  53.65
1850-1859        7      0.01088  0.01082  0.49   65469     708   65106  3490978  53.32
1850-1859        8      0.00883  0.00879  0.49   64761     569   64468  3425871  52.90
1850-1859        9      0.00743  0.00740  0.49   64191     475   63949  3361403  52.37
1850-1859       10      0.00641  0.00639  0.49   63716     407   63509  3297454  51.75
1850-1859       11      0.00575  0.00574  0.49   63309     363   63123  3233945  51.08
1850-1859       12      0.00530  0.00529  0.49   62946     333   62776  3170821  50.37
1850-1859       13      0.00503  0.00502  0.50   62613     314   62455  3108045  49.64
1850-1859       14      0.00532  0.00531  0.49   62299     331   62130  3045591  48.89
1850-1859       15      0.00537  0.00536  0.49   61968     332   61799  2983461  48.15
1850-1859       16      0.00592  0.00590  0.49   61636     364   61452  2921662  47.40
1850-1859       17      0.00640  0.00638  0.50   61272     391   61076  2860210  46.68
1850-1859       18      0.00692  0.00689  0.50   60882     420   60670  2799134  45.98
1850-1859       19      0.00771  0.00768  0.50   60462     465   60228  2738464  45.29
1850-1859       20      0.00830  0.00827  0.49   59997     496   59745  2678236  44.64
1850-1859       21      0.00789  0.00785  0.49   59501     467   59262  2618491  44.01
1850-1859       22      0.00777  0.00774  0.49   59034     457   58801  2559229  43.35
1850-1859       23      0.00766  0.00763  0.50   58577     447   58351  2500428  42.69
1850-1859       24      0.00757  0.00755  0.49   58130     439   57908  2442077  42.01
1850-1859       25      0.00761  0.00759  0.49   57691     438   57470  2384169  41.33
1850-1859       26      0.00762  0.00759  0.50   57253     434   57035  2326700  40.64
1850-1859       27      0.00766  0.00763  0.50   56819     433   56601  2269665  39.95
1850-1859       28      0.00752  0.00749  0.49   56385     422   56171  2213063  39.25
1850-1859       29      0.00752  0.00749  0.50   55963     419   55753  2156892  38.54
1850-1859       30      0.00783  0.00780  0.50   55544     433   55327  2101139  37.83
1850-1859       31      0.00754  0.00751  0.50   55111     414   54904  2045812  37.12
1850-1859       32      0.00811  0.00808  0.50   54697     442   54477  1990909  36.40
1850-1859       33      0.00800  0.00797  0.50   54255     432   54039  1936432  35.69
1850-1859       34      0.00841  0.00837  0.50   53822     451   53598  1882393  34.97
1850-1859       35      0.00839  0.00835  0.50   53372     446   53150  1828796  34.27
1850-1859       36      0.00870  0.00867  0.50   52926     459   52696  1775646  33.55
1850-1859       37      0.00855  0.00851  0.50   52467     447   52244  1722950  32.84
1850-1859       38      0.00879  0.00875  0.51   52021     455   51796  1670706  32.12
1850-1859       39      0.00876  0.00872  0.50   51565     450   51340  1618910  31.40
1850-1859       40      0.00889  0.00885  0.50   51116     452   50891  1567570  30.67
1850-1859       41      0.00883  0.00879  0.50   50663     445   50442  1516679  29.94
1850-1859       42      0.00888  0.00884  0.50   50218     444   49998  1466236  29.20
1850-1859       43      0.00882  0.00879  0.50   49774     437   49556  1416239  28.45
1850-1859       44      0.00890  0.00886  0.50   49337     437   49118  1366683  27.70
1850-1859       45      0.00896  0.00892  0.51   48899     436   48684  1317565  26.94
1850-1859       46      0.00930  0.00926  0.51   48463     449   48243  1268880  26.18
1850-1859       47      0.00954  0.00950  0.51   48015     456   47789  1220637  25.42
1850-1859       48      0.00981  0.00976  0.50   47559     464   47327  1172848  24.66
1850-1859       49      0.01031  0.01026  0.51   47094     483   46856  1125521  23.90
1850-1859       50      0.01101  0.01095  0.51   46611     510   46359  1078665  23.14
1850-1859       51      0.01122  0.01116  0.51   46101     514   45847  1032305  22.39
1850-1859       52      0.01189  0.01182  0.50   45587     539   45319   986458  21.64
1850-1859       53      0.01271  0.01263  0.51   45048     569   44766   941139  20.89
1850-1859       54      0.01356  0.01347  0.51   44479     599   44183   896373  20.15
1850-1859       55      0.01395  0.01386  0.51   43880     608   43580   852190  19.42
1850-1859       56      0.01526  0.01515  0.51   43272     656   42949   808611  18.69
1850-1859       57      0.01633  0.01620  0.51   42616     690   42276   765661  17.97
1850-1859       58      0.01787  0.01771  0.50   41926     743   41558   723386  17.25
1850-1859       59      0.01990  0.01970  0.51   41183     811   40783   681828  16.56
1850-1859       60      0.02135  0.02112  0.51   40372     853   39950   641045  15.88
1850-1859       61      0.02303  0.02277  0.51   39519     900   39074   601095  15.21
1850-1859       62      0.02498  0.02468  0.51   38619     953   38152   562021  14.55
1850-1859       63      0.02736  0.02699  0.51   37666    1017   37165   523869  13.91
1850-1859       64      0.03034  0.02989  0.51   36650    1095   36111   486704  13.28
1850-1859       65      0.03185  0.03136  0.51   35554    1115   35003   450592  12.67
1850-1859       66      0.03495  0.03436  0.51   34439    1183   33854   415589  12.07
1850-1859       67      0.03825  0.03755  0.51   33256    1249   32644   381735  11.48
1850-1859       68      0.04104  0.04023  0.51   32008    1288   31374   349091  10.91
1850-1859       69      0.04487  0.04391  0.51   30720    1349   30060   317717  10.34
1850-1859       70      0.04897  0.04783  0.51   29371    1405   28685   287657   9.79
1850-1859       71      0.05449  0.05308  0.51   27966    1484   27240   258972   9.26
1850-1859       72      0.05887  0.05723  0.51   26482    1516   25742   231732   8.75
1850-1859       73      0.06405  0.06210  0.51   24966    1550   24207   205990   8.25
1850-1859       74      0.07201  0.06956  0.51   23416    1629   22619   181783   7.76
1850-1859       75      0.07944  0.07649  0.51   21787    1666   20977   159164   7.31
1850-1859       76      0.08721  0.08365  0.51   20121    1683   19298   138187   6.87
1850-1859       77      0.09476  0.09058  0.51   18438    1670   17623   118889   6.45
1850-1859       78      0.10402  0.09899  0.51   16768    1660   15957   101266   6.04
1850-1859       79      0.11425  0.10821  0.51   15108    1635   14309    85309   5.65
1850-1859       80      0.12868  0.12109  0.51   13473    1631   12678    71000   5.27
1850-1859       81      0.14110  0.13203  0.51   11841    1563   11080    58322   4.93
1850-1859       82      0.15485  0.14405  0.52   10278    1481    9561    47242   4.60
1850-1859       83      0.17049  0.15746  0.51    8797    1385    8125    37681   4.28
1850-1859       84      0.19236  0.17593  0.51    7412    1304    6779    29556   3.99
1850-1859       85      0.21847  0.19763  0.52    6108    1207    5526    22777   3.73
1850-1859       86      0.23772  0.21314  0.51    4901    1045    4394    17251   3.52
1850-1859       87      0.25649  0.22783  0.51    3856     879    3425    12857   3.33
1850-1859       88      0.27314  0.24095  0.51    2978     718    2627     9431   3.17
1850-1859       89      0.29366  0.25709  0.52    2260     581    1979     6804   3.01
1850-1859       90      0.31481  0.27307  0.51    1679     459    1457     4826   2.87
1850-1859       91      0.32714  0.28157  0.51    1221     344    1051     3369   2.76
1850-1859       92      0.34437  0.29394  0.50     877     258     749     2318   2.64
1850-1859       93      0.35392  0.30057  0.50     619     186     526     1570   2.54
1850-1859       94      0.38102  0.31897  0.49     433     138     363     1044   2.41
1850-1859       95      0.36670  0.30940  0.49     295      91     249      681   2.31
1850-1859       96      0.42033  0.34529  0.48     204      70     167      433   2.12
1850-1859       97      0.43803  0.35751  0.49     133      48     109      265   1.99
1850-1859       98      0.50623  0.39977  0.47      86      34      68      156   1.83
1850-1859       99      0.56375  0.43570  0.48      51      22      40       89   1.73
1850-1859      100      0.59026  0.46259  0.53      29      13      23       49   1.69
1850-1859      101      0.64672  0.49367  0.52      16       8      12       26   1.69
1850-1859      102      0.51207  0.41250  0.53       8       3       6       14   1.82
1850-1859      103      0.49932  0.40426  0.53       5       2       4        8   1.73
1850-1859      104      0.58978  0.46429  0.54       3       1       2        4   1.54
1850-1859      105      0.51259  0.40000  0.45       1       1       1        2   1.41
1850-1859      106      0.59718  0.44444  0.42       1       0       1        1   1.04
1850-1859      107      1.85909  1.00000  0.54       0       0       0        0   0.54
1850-1859      108            .        .     .       0       0       0        0      .
1850-1859      109            .        .     .       0       0       0        0      .
1850-1859      110+           .        .     .       0       0       0        0      .
1860-1869        0      0.24891  0.21224  0.31  100000   21224   85267  4234381  42.34
1860-1869        1      0.07012  0.06767  0.48   78776    5331   76017  4149114  52.67
1860-1869        2      0.03746  0.03678  0.51   73446    2701   72114  4073097  55.46
1860-1869        3      0.02453  0.02423  0.50   70744    1714   69888  4000983  56.56
1860-1869        4      0.01728  0.01713  0.50   69030    1182   68437  3931095  56.95
1860-1869        5      0.01356  0.01347  0.50   67848     914   67387  3862658  56.93
1860-1869        6      0.01051  0.01046  0.48   66934     700   66572  3795271  56.70
1860-1869        7      0.00820  0.00817  0.49   66234     541   65956  3728699  56.30
1860-1869        8      0.00650  0.00648  0.49   65693     425   65476  3662743  55.76
1860-1869        9      0.00572  0.00570  0.49   65267     372   65079  3597268  55.12
1860-1869       10      0.00496  0.00494  0.49   64895     321   64731  3532189  54.43
1860-1869       11      0.00418  0.00417  0.48   64575     269   64436  3467457  53.70
1860-1869       12      0.00381  0.00380  0.50   64305     244   64183  3403022  52.92
1860-1869       13      0.00372  0.00372  0.49   64061     238   63940  3338839  52.12
1860-1869       14      0.00392  0.00391  0.49   63823     250   63697  3274899  51.31
1860-1869       15      0.00429  0.00428  0.49   63573     272   63435  3211202  50.51
1860-1869       16      0.00458  0.00457  0.50   63301     289   63156  3147767  49.73
1860-1869       17      0.00518  0.00517  0.50   63011     326   62849  3084611  48.95
1860-1869       18      0.00556  0.00555  0.50   62686     348   62511  3021762  48.20
1860-1869       19      0.00590  0.00588  0.50   62338     367   62155  2959251  47.47
1860-1869       20      0.00632  0.00630  0.50   61971     390   61775  2897096  46.75
1860-1869       21      0.00645  0.00643  0.49   61581     396   61381  2835321  46.04
1860-1869       22      0.00638  0.00636  0.50   61185     389   60992  2773940  45.34
1860-1869       23      0.00632  0.00630  0.50   60795     383   60604  2712948  44.62
1860-1869       24      0.00649  0.00647  0.50   60412     391   60218  2652344  43.90
1860-1869       25      0.00652  0.00650  0.50   60022     390   59826  2592126  43.19
1860-1869       26      0.00636  0.00634  0.50   59631     378   59443  2532300  42.47
1860-1869       27      0.00625  0.00623  0.50   59253     369   59069  2472857  41.73
1860-1869       28      0.00632  0.00630  0.50   58884     371   58699  2413788  40.99
1860-1869       29      0.00631  0.00629  0.51   58513     368   58331  2355089  40.25
1860-1869       30      0.00626  0.00624  0.50   58145     363   57965  2296757  39.50
1860-1869       31      0.00644  0.00642  0.50   57782     371   57597  2238793  38.75
1860-1869       32      0.00650  0.00648  0.50   57411     372   57226  2181196  37.99
1860-1869       33      0.00634  0.00632  0.50   57039     360   56859  2123970  37.24
1860-1869       34      0.00644  0.00642  0.50   56679     364   56498  2067111  36.47
1860-1869       35      0.00632  0.00630  0.51   56315     355   56139  2010613  35.70
1860-1869       36      0.00628  0.00626  0.50   55960     350   55786  1954474  34.93
1860-1869       37      0.00669  0.00667  0.51   55610     371   55426  1898687  34.14
1860-1869       38      0.00642  0.00640  0.51   55239     354   55064  1843261  33.37
1860-1869       39      0.00683  0.00681  0.50   54885     374   54699  1788197  32.58
1860-1869       40      0.00684  0.00682  0.50   54512     372   54327  1733499  31.80
1860-1869       41      0.00684  0.00682  0.50   54140     369   53956  1679172  31.02
1860-1869       42      0.00683  0.00681  0.50   53771     366   53589  1625216  30.22
1860-1869       43      0.00691  0.00688  0.50   53405     368   53223  1571627  29.43
1860-1869       44      0.00729  0.00727  0.50   53037     385   52846  1518404  28.63
1860-1869       45      0.00756  0.00753  0.51   52652     396   52457  1465558  27.83
1860-1869       46      0.00764  0.00761  0.50   52256     398   52058  1413101  27.04
1860-1869       47      0.00787  0.00784  0.51   51858     407   51657  1361043  26.25
1860-1869       48      0.00863  0.00859  0.51   51451     442   51232  1309387  25.45
1860-1869       49      0.00911  0.00907  0.50   51009     462   50778  1258154  24.67
1860-1869       50      0.00969  0.00965  0.50   50547     488   50303  1207376  23.89
1860-1869       51      0.01036  0.01031  0.51   50059     516   49804  1157073  23.11
1860-1869       52      0.01112  0.01106  0.50   49543     548   49270  1107269  22.35
1860-1869       53      0.01185  0.01178  0.51   48995     577   48709  1057999  21.59
1860-1869       54      0.01263  0.01256  0.50   48418     608   48116  1009289  20.85
1860-1869       55      0.01339  0.01331  0.51   47810     636   47497   961173  20.10
1860-1869       56      0.01395  0.01385  0.50   47174     653   46848   913676  19.37
1860-1869       57      0.01525  0.01514  0.51   46520     704   46174   866828  18.63
1860-1869       58      0.01598  0.01585  0.51   45816     726   45458   820655  17.91
1860-1869       59      0.01714  0.01699  0.51   45090     766   44714   775197  17.19
1860-1869       60      0.01852  0.01835  0.51   44324     814   43923   730483  16.48
1860-1869       61      0.02004  0.01984  0.51   43510     863   43085   686560  15.78
1860-1869       62      0.02186  0.02163  0.51   42647     922   42195   643475  15.09
1860-1869       63      0.02392  0.02364  0.51   41724     987   41239   601280  14.41
1860-1869       64      0.02615  0.02582  0.51   40738    1052   40222   560041  13.75
1860-1869       65      0.02850  0.02811  0.51   39686    1115   39138   519819  13.10
1860-1869       66      0.03180  0.03131  0.51   38571    1208   37977   480681  12.46
1860-1869       67      0.03435  0.03378  0.51   37363    1262   36741   442705  11.85
1860-1869       68      0.03806  0.03736  0.51   36101    1349   35440   405964  11.25
1860-1869       69      0.04093  0.04012  0.51   34752    1394   34066   370524  10.66
1860-1869       70      0.04585  0.04484  0.51   33358    1496   32625   336458  10.09
1860-1869       71      0.05121  0.04996  0.51   31862    1592   31083   303833   9.54
1860-1869       72      0.05668  0.05516  0.51   30270    1670   29454   272750   9.01
1860-1869       73      0.06195  0.06014  0.51   28601    1720   27765   243295   8.51
1860-1869       74      0.06964  0.06735  0.51   26881    1811   25998   215531   8.02
1860-1869       75      0.08079  0.07773  0.51   25070    1949   24121   189532   7.56
1860-1869       76      0.08641  0.08293  0.51   23122    1917   22190   165412   7.15
1860-1869       77      0.09749  0.09308  0.51   21204    1974   20246   143221   6.75
1860-1869       78      0.10575  0.10056  0.51   19231    1934   18287   122976   6.39
1860-1869       79      0.11354  0.10761  0.51   17297    1861   16394   104689   6.05
1860-1869       80      0.12515  0.11797  0.51   15435    1821   14550    88295   5.72
1860-1869       81      0.13247  0.12443  0.51   13614    1694   12788    73745   5.42
1860-1869       82      0.14285  0.13350  0.51   11920    1591   11140    60957   5.11
1860-1869       83      0.15731  0.14596  0.51   10329    1508    9584    49817   4.82
1860-1869       84      0.16701  0.15426  0.51    8821    1361    8148    40233   4.56
1860-1869       85      0.17279  0.15908  0.50    7461    1187    6869    32085   4.30
1860-1869       86      0.18949  0.17309  0.50    6274    1086    5731    25216   4.02
1860-1869       87      0.20981  0.18975  0.50    5188     984    4692    19485   3.76
1860-1869       88      0.23154  0.20726  0.49    4203     871    3763    14793   3.52
1860-1869       89      0.25260  0.22364  0.49    3332     745    2950    11031   3.31
1860-1869       90      0.26854  0.23595  0.49    2587     610    2273     8080   3.12
1860-1869       91      0.28584  0.24916  0.49    1977     492    1723     5807   2.94
1860-1869       92      0.30893  0.26652  0.48    1484     396    1280     4084   2.75
1860-1869       93      0.33845  0.28802  0.48    1089     314     926     2804   2.58
1860-1869       94      0.36978  0.31009  0.48     775     240     650     1878   2.42
1860-1869       95      0.39466  0.32678  0.47     535     175     443     1228   2.30
1860-1869       96      0.41814  0.34302  0.48     360     123     295      785   2.18
1860-1869       97      0.44094  0.35692  0.47     236      84     191      490   2.07
1860-1869       98      0.45703  0.36865  0.48     152      56     123      298   1.96
1860-1869       99      0.50894  0.40046  0.47      96      38      76      176   1.83
1860-1869      100      0.53043  0.42101  0.51      58      24      46      100   1.74
1860-1869      101      0.56901  0.44106  0.49      33      15      26       54   1.63
1860-1869      102      0.61264  0.46682  0.49      19       9      14       29   1.53
1860-1869      103      0.57503  0.45778  0.55      10       5       8       14   1.44
1860-1869      104      0.86333  0.59836  0.49       5       3       4        6   1.19
1860-1869      105      0.60974  0.46939  0.51       2       1       2        3   1.25
1860-1869      106      0.89545  0.65385  0.59       1       1       1        1   0.90
1860-1869      107      2.06181  1.00000  0.49       0       0       0        0   0.49
1860-1869      108            .        .     .       0       0       0        0      .
1860-1869      109            .        .     .       0       0       0        0      .
1860-1869      110+           .        .     .       0       0       0        0      .
1870-1879        0      0.25630  0.21759  0.31  100000   21759   84895  4527796  45.28
1870-1879        1      0.06360  0.06152  0.47   78241    4813   75687  4442901  56.78
1870-1879        2      0.02738  0.02699  0.47   73428    1982   72379  4367213  59.48
1870-1879        3      0.01664  0.01650  0.48   71446    1179   70834  4294834  60.11
1870-1879        4      0.01175  0.01168  0.49   70267     820   69848  4224000  60.11
1870-1879        5      0.00919  0.00915  0.48   69447     635   69119  4154152  59.82
1870-1879        6      0.00735  0.00732  0.49   68812     504   68553  4085033  59.37
1870-1879        7      0.00606  0.00604  0.49   68308     412   68099  4016480  58.80
1870-1879        8      0.00497  0.00496  0.49   67896     337   67725  3948381  58.15
1870-1879        9      0.00422  0.00421  0.50   67559     284   67416  3880656  57.44
1870-1879       10      0.00379  0.00378  0.49   67274     254   67145  3813240  56.68
1870-1879       11      0.00341  0.00341  0.50   67020     228   66906  3746095  55.90
1870-1879       12      0.00325  0.00325  0.50   66792     217   66684  3679188  55.08
1870-1879       13      0.00327  0.00326  0.50   66575     217   66467  3612504  54.26
1870-1879       14      0.00346  0.00346  0.50   66358     229   66243  3546037  53.44
1870-1879       15      0.00377  0.00377  0.51   66128     249   66006  3479794  52.62
1870-1879       16      0.00422  0.00422  0.50   65879     278   65740  3413788  51.82
1870-1879       17      0.00457  0.00456  0.50   65602     299   65453  3348048  51.04
1870-1879       18      0.00486  0.00484  0.50   65302     316   65146  3282594  50.27
1870-1879       19      0.00508  0.00507  0.50   64986     330   64823  3217449  49.51
1870-1879       20      0.00547  0.00546  0.51   64656     353   64482  3152626  48.76
1870-1879       21      0.00553  0.00551  0.50   64304     354   64128  3088144  48.02
1870-1879       22      0.00544  0.00542  0.50   63949     347   63775  3024017  47.29
1870-1879       23      0.00535  0.00533  0.50   63602     339   63433  2960241  46.54
1870-1879       24      0.00536  0.00535  0.50   63263     338   63096  2896808  45.79
1870-1879       25      0.00526  0.00524  0.50   62925     330   62762  2833713  45.03
1870-1879       26      0.00513  0.00512  0.51   62595     321   62437  2770951  44.27
1870-1879       27      0.00505  0.00504  0.50   62275     314   62118  2708514  43.49
1870-1879       28      0.00509  0.00508  0.51   61961     315   61805  2646397  42.71
1870-1879       29      0.00496  0.00495  0.51   61646     305   61496  2584591  41.93
1870-1879       30      0.00475  0.00474  0.50   61341     291   61196  2523096  41.13
1870-1879       31      0.00491  0.00489  0.50   61050     299   60902  2461900  40.33
1870-1879       32      0.00486  0.00485  0.51   60751     294   60607  2400998  39.52
1870-1879       33      0.00477  0.00476  0.51   60457     288   60316  2340391  38.71
1870-1879       34      0.00492  0.00491  0.51   60169     295   60023  2280075  37.89
1870-1879       35      0.00505  0.00503  0.51   59873     301   59725  2220052  37.08
1870-1879       36      0.00493  0.00492  0.51   59572     293   59429  2160327  36.26
1870-1879       37      0.00520  0.00519  0.51   59279     308   59128  2100898  35.44
1870-1879       38      0.00529  0.00528  0.51   58971     311   58819  2041771  34.62
1870-1879       39      0.00620  0.00618  0.49   58660     362   58477  1982952  33.80
1870-1879       40      0.00610  0.00609  0.50   58298     355   58120  1924475  33.01
1870-1879       41      0.00638  0.00636  0.50   57943     368   57757  1866354  32.21
1870-1879       42      0.00616  0.00614  0.50   57574     354   57398  1808597  31.41
1870-1879       43      0.00658  0.00656  0.51   57221     375   57035  1751199  30.60
1870-1879       44      0.00658  0.00655  0.50   56846     373   56660  1694164  29.80
1870-1879       45      0.00675  0.00673  0.50   56473     380   56283  1637503  29.00
1870-1879       46      0.00699  0.00696  0.50   56093     390   55899  1581220  28.19
1870-1879       47      0.00724  0.00721  0.50   55702     402   55501  1525322  27.38
1870-1879       48      0.00720  0.00718  0.50   55301     397   55104  1469820  26.58
1870-1879       49      0.00769  0.00766  0.50   54904     421   54695  1414716  25.77
1870-1879       50      0.00804  0.00801  0.51   54483     436   54268  1360021  24.96
1870-1879       51      0.00866  0.00862  0.51   54047     466   53820  1305752  24.16
1870-1879       52      0.00923  0.00919  0.51   53581     492   53340  1251932  23.37
1870-1879       53      0.00962  0.00957  0.51   53089     508   52840  1198592  22.58
1870-1879       54      0.01059  0.01054  0.50   52580     554   52306  1145752  21.79
1870-1879       55      0.01133  0.01127  0.51   52026     586   51738  1093446  21.02
1870-1879       56      0.01208  0.01200  0.51   51440     618   51135  1041709  20.25
1870-1879       57      0.01349  0.01340  0.51   50823     681   50486   990573  19.49
1870-1879       58      0.01450  0.01439  0.51   50142     722   49786   940088  18.75
1870-1879       59      0.01530  0.01518  0.51   49420     750   49049   890302  18.01
1870-1879       60      0.01707  0.01693  0.51   48670     824   48266   841253  17.28
1870-1879       61      0.01886  0.01869  0.51   47846     894   47404   792987  16.57
1870-1879       62      0.02031  0.02011  0.51   46951     944   46490   745583  15.88
1870-1879       63      0.02229  0.02205  0.51   46007    1014   45511   699093  15.20
1870-1879       64      0.02459  0.02429  0.51   44993    1093   44459   653582  14.53
1870-1879       65      0.02849  0.02810  0.51   43900    1234   43298   609123  13.88
1870-1879       66      0.03107  0.03060  0.51   42666    1306   42032   565825  13.26
1870-1879       67      0.03335  0.03282  0.51   41360    1358   40700   523793  12.66
1870-1879       68      0.03675  0.03610  0.51   40003    1444   39298   483093  12.08
1870-1879       69      0.04007  0.03931  0.51   38559    1516   37822   443795  11.51
1870-1879       70      0.04343  0.04253  0.51   37043    1575   36274   405973  10.96
1870-1879       71      0.04665  0.04561  0.51   35468    1618   34672   369699  10.42
1870-1879       72      0.04984  0.04865  0.51   33850    1647   33042   335027   9.90
1870-1879       73      0.05544  0.05398  0.51   32203    1738   31351   301985   9.38
1870-1879       74      0.06014  0.05842  0.51   30465    1780   29592   270634   8.88
1870-1879       75      0.06368  0.06175  0.51   28686    1771   27816   241041   8.40
1870-1879       76      0.06982  0.06750  0.51   26914    1817   26018   213225   7.92
1870-1879       77      0.07699  0.07417  0.51   25098    1861   24177   187206   7.46
1870-1879       78      0.08619  0.08266  0.51   23236    1921   22286   163030   7.02
1870-1879       79      0.09474  0.09047  0.50   21315    1928   20354   140743   6.60
1870-1879       80      0.10349  0.09841  0.50   19387    1908   18436   120389   6.21
1870-1879       81      0.11418  0.10803  0.50   17479    1888   16536   101953   5.83
1870-1879       82      0.12635  0.11884  0.50   15591    1853   14665    85416   5.48
1870-1879       83      0.13890  0.12984  0.50   13738    1784   12842    70752   5.15
1870-1879       84      0.15110  0.14041  0.50   11954    1679   11109    57910   4.84
1870-1879       85      0.16496  0.15230  0.50   10276    1565    9487    46801   4.55
1870-1879       86      0.18022  0.16516  0.49    8711    1439    7983    37314   4.28
1870-1879       87      0.19501  0.17744  0.49    7272    1290    6617    29331   4.03
1870-1879       88      0.21095  0.19051  0.49    5982    1140    5402    22714   3.80
1870-1879       89      0.22799  0.20420  0.49    4842     989    4337    17312   3.58
1870-1879       90      0.24401  0.21688  0.49    3853     836    3425    12975   3.37
1870-1879       91      0.26300  0.23176  0.49    3018     699    2659     9550   3.16
1870-1879       92      0.28930  0.25191  0.49    2318     584    2019     6891   2.97
1870-1879       93      0.31366  0.26966  0.48    1734     468    1491     4873   2.81
1870-1879       94      0.32655  0.27899  0.48    1267     353    1082     3382   2.67
1870-1879       95      0.34487  0.29247  0.48     913     267     774     2300   2.52
1870-1879       96      0.37472  0.31339  0.48     646     202     540     1525   2.36
1870-1879       97      0.40691  0.33532  0.48     444     149     366      985   2.22
1870-1879       98      0.43339  0.35230  0.47     295     104     240      619   2.10
1870-1879       99      0.50036  0.39811  0.49     191      76     152      379   1.99
1870-1879      100      0.45985  0.37328  0.50     115      43      93      227   1.98
1870-1879      101      0.46090  0.37105  0.47      72      27      58      134   1.86
1870-1879      102      0.56861  0.44373  0.51      45      20      35       76   1.68
1870-1879      103      0.60047  0.46151  0.50      25      12      19       41   1.62
1870-1879      104      0.54479  0.42568  0.49      14       6      11       21   1.57
1870-1879      105      0.71584  0.51388  0.45       8       4       6       11   1.38
1870-1879      106      0.58032  0.44725  0.49       4       2       3        5   1.36
1870-1879      107      0.63300  0.47812  0.49       2       1       2        2   1.07
1870-1879      108      1.56562  0.86601  0.48       1       1       1        1   0.60
1870-1879      109      2.98045  1.00000  0.34       0       0       0        0   0.34
1870-1879      110+           .        .     .       0       0       0        0      .
1880-1889        0      0.22561  0.19506  0.31  100000   19506   86458  4897170  48.97
1880-1889        1      0.05707  0.05540  0.47   80494    4459   78140  4810712  59.76
1880-1889        2      0.02450  0.02419  0.48   76035    1839   75074  4732571  62.24
1880-1889        3      0.01612  0.01599  0.49   74195    1187   73586  4657497  62.77
1880-1889        4      0.01116  0.01109  0.48   73009     810   72591  4583911  62.79
1880-1889        5      0.00792  0.00789  0.49   72199     569   71907  4511320  62.48
1880-1889        6      0.00602  0.00600  0.49   71629     430   71409  4439412  61.98
1880-1889        7      0.00457  0.00456  0.49   71199     325   71034  4368003  61.35
1880-1889        8      0.00367  0.00366  0.50   70874     259   70745  4296970  60.63
1880-1889        9      0.00326  0.00326  0.49   70615     230   70499  4226225  59.85
1880-1889       10      0.00284  0.00284  0.50   70385     200   70284  4155726  59.04
1880-1889       11      0.00262  0.00262  0.50   70185     184   70093  4085442  58.21
1880-1889       12      0.00260  0.00259  0.50   70002     181   69911  4015349  57.36
1880-1889       13      0.00266  0.00266  0.50   69820     186   69727  3945438  56.51
1880-1889       14      0.00284  0.00284  0.50   69634     198   69536  3875711  55.66
1880-1889       15      0.00308  0.00307  0.50   69437     213   69330  3806175  54.81
1880-1889       16      0.00354  0.00353  0.50   69224     244   69102  3736845  53.98
1880-1889       17      0.00376  0.00376  0.50   68979     259   68849  3667743  53.17
1880-1889       18      0.00411  0.00410  0.50   68720     282   68579  3598894  52.37
1880-1889       19      0.00436  0.00435  0.51   68438     298   68291  3530315  51.58
1880-1889       20      0.00437  0.00436  0.51   68140     297   67994  3462024  50.81
1880-1889       21      0.00440  0.00439  0.50   67843     298   67695  3394030  50.03
1880-1889       22      0.00434  0.00433  0.50   67546     293   67399  3326335  49.25
1880-1889       23      0.00415  0.00414  0.50   67253     278   67114  3258937  48.46
1880-1889       24      0.00405  0.00405  0.50   66975     271   66840  3191822  47.66
1880-1889       25      0.00388  0.00388  0.51   66704     259   66576  3124982  46.85
1880-1889       26      0.00399  0.00398  0.51   66445     265   66316  3058406  46.03
1880-1889       27      0.00394  0.00393  0.50   66181     260   66052  2992090  45.21
1880-1889       28      0.00427  0.00426  0.51   65920     281   65784  2926039  44.39
1880-1889       29      0.00486  0.00485  0.49   65639     319   65477  2860255  43.58
1880-1889       30      0.00503  0.00502  0.49   65321     328   65153  2794778  42.79
1880-1889       31      0.00505  0.00504  0.49   64993     327   64825  2729625  42.00
1880-1889       32      0.00499  0.00498  0.49   64666     322   64502  2664800  41.21
1880-1889       33      0.00491  0.00490  0.49   64344     315   64184  2600297  40.41
1880-1889       34      0.00492  0.00491  0.50   64029     314   63871  2536114  39.61
1880-1889       35      0.00499  0.00497  0.49   63715     317   63553  2472242  38.80
1880-1889       36      0.00493  0.00492  0.50   63398     312   63240  2408689  37.99
1880-1889       37      0.00487  0.00486  0.49   63086     307   62930  2345449  37.18
1880-1889       38      0.00480  0.00479  0.50   62779     301   62627  2282519  36.36
1880-1889       39      0.00436  0.00435  0.50   62478     272   62344  2219892  35.53
1880-1889       40      0.00438  0.00437  0.51   62207     272   62072  2157548  34.68
1880-1889       41      0.00438  0.00437  0.51   61935     271   61801  2095476  33.83
1880-1889       42      0.00444  0.00443  0.50   61664     273   61528  2033675  32.98
1880-1889       43      0.00470  0.00469  0.51   61391     288   61249  1972146  32.12
1880-1889       44      0.00474  0.00473  0.50   61103     289   60960  1910898  31.27
1880-1889       45      0.00506  0.00505  0.51   60814     307   60663  1849938  30.42
1880-1889       46      0.00529  0.00528  0.51   60507     319   60350  1789275  29.57
1880-1889       47      0.00576  0.00574  0.51   60188     346   60018  1728925  28.73
1880-1889       48      0.00584  0.00582  0.51   59842     349   59671  1668907  27.89
1880-1889       49      0.00648  0.00646  0.51   59493     384   59303  1609236  27.05
1880-1889       50      0.00703  0.00701  0.50   59109     414   58903  1549933  26.22
1880-1889       51      0.00746  0.00743  0.51   58695     436   58480  1491029  25.40
1880-1889       52      0.00816  0.00813  0.51   58259     474   58025  1432549  24.59
1880-1889       53      0.00894  0.00891  0.51   57785     515   57533  1374524  23.79
1880-1889       54      0.00977  0.00972  0.51   57271     557   56997  1316991  23.00
1880-1889       55      0.01112  0.01106  0.51   56714     627   56406  1259994  22.22
1880-1889       56      0.01223  0.01216  0.51   56087     682   55751  1203588  21.46
1880-1889       57      0.01275  0.01267  0.51   55405     702   55060  1147837  20.72
1880-1889       58      0.01378  0.01369  0.51   54703     749   54334  1092777  19.98
1880-1889       59      0.01473  0.01463  0.51   53954     789   53568  1038444  19.25
1880-1889       60      0.01589  0.01577  0.51   53165     839   52754   984876  18.52
1880-1889       61      0.01675  0.01662  0.50   52326     870   51896   932122  17.81
1880-1889       62      0.01784  0.01768  0.51   51457     910   51008   880227  17.11
1880-1889       63      0.01935  0.01916  0.51   50547     969   50071   829218  16.40
1880-1889       64      0.02075  0.02054  0.51   49578    1019   49077   779147  15.72
1880-1889       65      0.02186  0.02163  0.50   48560    1050   48038   730071  15.03
1880-1889       66      0.02355  0.02328  0.51   47509    1106   46964   682032  14.36
1880-1889       67      0.02580  0.02548  0.51   46403    1182   45820   635068  13.69
1880-1889       68      0.02849  0.02809  0.51   45221    1270   44595   589249  13.03
1880-1889       69      0.03129  0.03081  0.51   43951    1354   43281   544653  12.39
1880-1889       70      0.03412  0.03355  0.50   42596    1429   41887   501373  11.77
1880-1889       71      0.03769  0.03701  0.51   41167    1523   40416   459485  11.16
1880-1889       72      0.04223  0.04137  0.51   39644    1640   38833   419069  10.57
1880-1889       73      0.04684  0.04578  0.50   38004    1740   37141   380236  10.01
1880-1889       74      0.05220  0.05089  0.51   36264    1846   35352   343095   9.46
1880-1889       75      0.05764  0.05603  0.50   34419    1928   33458   307743   8.94
1880-1889       76      0.06299  0.06108  0.50   32490    1985   31504   274285   8.44
1880-1889       77      0.06958  0.06726  0.50   30506    2052   29485   242782   7.96
1880-1889       78      0.07700  0.07416  0.50   28454    2110   27403   213296   7.50
1880-1889       79      0.08481  0.08136  0.50   26344    2143   25273   185893   7.06
1880-1889       80      0.09427  0.09004  0.50   24200    2179   23116   160620   6.64
1880-1889       81      0.10471  0.09948  0.50   22021    2191   20923   137504   6.24
1880-1889       82      0.11439  0.10818  0.50   19831    2145   18753   116581   5.88
1880-1889       83      0.12493  0.11754  0.50   17685    2079   16640    97828   5.53
1880-1889       84      0.13666  0.12785  0.50   15607    1995   14602    81188   5.20
1880-1889       85      0.15073  0.14009  0.50   13611    1907   12651    66586   4.89
1880-1889       86      0.16415  0.15151  0.49   11704    1773   10803    53936   4.61
1880-1889       87      0.17700  0.16241  0.49    9931    1613    9113    43133   4.34
1880-1889       88      0.19292  0.17567  0.49    8318    1461    7574    34020   4.09
1880-1889       89      0.20762  0.18766  0.49    6857    1287    6198    26446   3.86
1880-1889       90      0.22145  0.19886  0.49    5570    1108    5002    20248   3.64
1880-1889       91      0.24064  0.21426  0.49    4462     956    3973    15246   3.42
1880-1889       92      0.25992  0.22937  0.49    3506     804    3094    11273   3.22
1880-1889       93      0.27834  0.24356  0.49    2702     658    2364     8179   3.03
1880-1889       94      0.29781  0.25853  0.49    2044     528    1774     5814   2.84
1880-1889       95      0.32818  0.28094  0.49    1516     426    1297     4040   2.67
1880-1889       96      0.35216  0.29890  0.49    1090     326     925     2743   2.52
1880-1889       97      0.38529  0.32188  0.49     764     246     638     1818   2.38
1880-1889       98      0.39781  0.33152  0.50     518     172     432     1179   2.28
1880-1889       99      0.41677  0.34553  0.51     346     120     287      748   2.16
1880-1889      100      0.44601  0.36364  0.49     227      82     185      460   2.03
1880-1889      101      0.46701  0.37882  0.50     144      55     117      276   1.91
1880-1889      102      0.49739  0.39707  0.49      90      36      72      159   1.77
1880-1889      103      0.62522  0.47622  0.50      54      26      41       87   1.61
1880-1889      104      0.55924  0.43831  0.51      28      12      22       46   1.63
1880-1889      105      0.67887  0.50834  0.51      16       8      12       24   1.50
1880-1889      106      0.54277  0.42627  0.50       8       3       6       12   1.53
1880-1889      107      0.83597  0.58489  0.49       4       3       3        6   1.29
1880-1889      108      0.88649  0.59932  0.46       2       1       1        3   1.42
1880-1889      109      0.60050  0.45247  0.46       1       0       1        1   1.86
1880-1889      110+     0.49570  1.00000  2.02       0       0       1        1   2.02
1890-1899        0      0.19530  0.17198  0.31  100000   17198   88060  5369050  53.69
1890-1899        1      0.04392  0.04291  0.47   82802    3553   80913  5280990  63.78
1890-1899        2      0.01669  0.01654  0.48   79249    1311   78564  5200077  65.62
1890-1899        3      0.01011  0.01006  0.48   77937     784   77533  5121513  65.71
1890-1899        4      0.00701  0.00698  0.49   77154     539   76879  5043980  65.38
1890-1899        5      0.00516  0.00514  0.50   76615     394   76416  4967101  64.83
1890-1899        6      0.00411  0.00410  0.49   76221     312   76063  4890685  64.16
1890-1899        7      0.00340  0.00340  0.50   75908     258   75779  4814622  63.43
1890-1899        8      0.00283  0.00282  0.50   75651     214   75544  4738843  62.64
1890-1899        9      0.00237  0.00236  0.50   75437     178   75347  4663299  61.82
1890-1899       10      0.00228  0.00228  0.49   75259     171   75172  4587952  60.96
1890-1899       11      0.00209  0.00208  0.50   75087     156   75009  4512780  60.10
1890-1899       12      0.00194  0.00194  0.50   74931     146   74859  4437771  59.22
1890-1899       13      0.00205  0.00205  0.50   74785     153   74709  4362912  58.34
1890-1899       14      0.00230  0.00229  0.51   74632     171   74547  4288203  57.46
1890-1899       15      0.00248  0.00248  0.51   74461     184   74370  4213656  56.59
1890-1899       16      0.00275  0.00275  0.50   74277     204   74175  4139285  55.73
1890-1899       17      0.00307  0.00307  0.51   74072     227   73961  4065111  54.88
1890-1899       18      0.00364  0.00363  0.51   73845     268   73715  3991150  54.05
1890-1899       19      0.00435  0.00434  0.50   73577     319   73417  3917435  53.24
1890-1899       20      0.00437  0.00436  0.50   73258     319   73098  3844017  52.47
1890-1899       21      0.00444  0.00443  0.50   72938     323   72777  3770919  51.70
1890-1899       22      0.00442  0.00441  0.49   72615     320   72453  3698142  50.93
1890-1899       23      0.00442  0.00441  0.50   72295     319   72134  3625689  50.15
1890-1899       24      0.00440  0.00439  0.50   71976     316   71817  3553555  49.37
1890-1899       25      0.00439  0.00438  0.49   71660     314   71499  3481738  48.59
1890-1899       26      0.00436  0.00435  0.49   71346     310   71189  3410239  47.80
1890-1899       27      0.00411  0.00411  0.49   71036     292   70886  3339051  47.00
1890-1899       28      0.00385  0.00384  0.48   70745     272   70605  3268164  46.20
1890-1899       29      0.00323  0.00322  0.51   70473     227   70361  3197560  45.37
1890-1899       30      0.00299  0.00298  0.51   70246     210   70143  3127199  44.52
1890-1899       31      0.00306  0.00306  0.51   70036     214   69931  3057056  43.65
1890-1899       32      0.00299  0.00299  0.50   69822     209   69718  2987124  42.78
1890-1899       33      0.00302  0.00301  0.51   69613     210   69510  2917406  41.91
1890-1899       34      0.00300  0.00300  0.51   69404     208   69301  2847896  41.03
1890-1899       35      0.00303  0.00302  0.51   69196     209   69093  2778595  40.16
1890-1899       36      0.00331  0.00331  0.51   68986     228   68874  2709502  39.28
1890-1899       37      0.00325  0.00324  0.50   68758     223   68648  2640628  38.40
1890-1899       38      0.00320  0.00320  0.51   68535     219   68427  2571980  37.53
1890-1899       39      0.00335  0.00335  0.50   68316     229   68203  2503553  36.65
1890-1899       40      0.00347  0.00347  0.50   68088     236   67971  2435350  35.77
1890-1899       41      0.00348  0.00348  0.51   67852     236   67737  2367379  34.89
1890-1899       42      0.00382  0.00381  0.51   67616     258   67489  2299642  34.01
1890-1899       43      0.00402  0.00401  0.51   67358     270   67226  2232153  33.14
1890-1899       44      0.00446  0.00445  0.51   67088     299   66941  2164928  32.27
1890-1899       45      0.00542  0.00540  0.51   66789     361   66614  2097987  31.41
1890-1899       46      0.00570  0.00568  0.51   66428     377   66243  2031373  30.58
1890-1899       47      0.00601  0.00600  0.51   66051     396   65856  1965130  29.75
1890-1899       48      0.00623  0.00621  0.51   65655     408   65453  1899274  28.93
1890-1899       49      0.00658  0.00655  0.51   65247     428   65036  1833820  28.11
1890-1899       50      0.00700  0.00697  0.50   64819     452   64594  1768784  27.29
1890-1899       51      0.00723  0.00720  0.51   64367     464   64138  1704190  26.48
1890-1899       52      0.00748  0.00745  0.51   63904     476   63669  1640052  25.66
1890-1899       53      0.00790  0.00787  0.51   63427     499   63181  1576383  24.85
1890-1899       54      0.00834  0.00831  0.51   62928     523   62669  1513203  24.05
1890-1899       55      0.00842  0.00838  0.51   62405     523   62146  1450533  23.24
1890-1899       56      0.00877  0.00874  0.51   61882     541   61616  1388387  22.44
1890-1899       57      0.00953  0.00949  0.51   61341     582   61055  1326771  21.63
1890-1899       58      0.01046  0.01041  0.51   60760     633   60448  1265716  20.83
1890-1899       59      0.01131  0.01125  0.51   60127     677   59795  1205268  20.05
1890-1899       60      0.01248  0.01240  0.51   59450     737   59089  1145474  19.27
1890-1899       61      0.01373  0.01363  0.51   58713     800   58319  1086385  18.50
1890-1899       62      0.01502  0.01491  0.51   57913     863   57488  1028066  17.75
1890-1899       63      0.01648  0.01635  0.51   57049     933   56591   970578  17.01
1890-1899       64      0.01818  0.01802  0.51   56117    1011   55620   913987  16.29
1890-1899       65      0.02018  0.01998  0.51   55106    1101   54565   858367  15.58
1890-1899       66      0.02241  0.02217  0.51   54004    1197   53416   803802  14.88
1890-1899       67      0.02463  0.02433  0.51   52807    1285   52174   750386  14.21
1890-1899       68      0.02711  0.02675  0.51   51522    1378   50845   698212  13.55
1890-1899       69      0.03012  0.02968  0.51   50144    1488   49412   647368  12.91
1890-1899       70      0.03328  0.03274  0.51   48655    1593   47870   597956  12.29
1890-1899       71      0.03708  0.03642  0.51   47062    1714   46221   550086  11.69
1890-1899       72      0.04105  0.04023  0.51   45349    1824   44446   503865  11.11
1890-1899       73      0.04512  0.04413  0.51   43524    1921   42577   459419  10.56
1890-1899       74      0.04990  0.04870  0.51   41603    2026   40602   416842  10.02
1890-1899       75      0.05475  0.05330  0.50   39577    2109   38532   376240   9.51
1890-1899       76      0.06025  0.05851  0.51   37468    2192   36384   337708   9.01
1890-1899       77      0.06611  0.06401  0.50   35276    2258   34153   301324   8.54
1890-1899       78      0.07176  0.06929  0.50   33018    2288   31881   267171   8.09
1890-1899       79      0.07799  0.07507  0.50   30730    2307   29581   235290   7.66
1890-1899       80      0.08505  0.08159  0.50   28423    2319   27269   205709   7.24
1890-1899       81      0.09219  0.08813  0.50   26104    2301   24954   178440   6.84
1890-1899       82      0.09908  0.09440  0.50   23803    2247   22680   153485   6.45
1890-1899       83      0.10776  0.10227  0.50   21556    2205   20457   130806   6.07
1890-1899       84      0.11791  0.11134  0.50   19352    2155   18274   110348   5.70
1890-1899       85      0.12884  0.12104  0.50   17197    2082   16156    92075   5.35
1890-1899       86      0.14115  0.13185  0.50   15115    1993   14120    75919   5.02
1890-1899       87      0.15264  0.14188  0.50   13122    1862   12198    61799   4.71
1890-1899       88      0.16566  0.15304  0.50   11261    1723   10403    49601   4.40
1890-1899       89      0.18159  0.16654  0.50    9537    1588    8747    39198   4.11
1890-1899       90      0.19839  0.18053  0.50    7949    1435    7233    30451   3.83
1890-1899       91      0.21966  0.19799  0.50    6514    1290    5871    23218   3.56
1890-1899       92      0.23926  0.21373  0.50    5224    1117    4667    17346   3.32
1890-1899       93      0.26156  0.23132  0.50    4108     950    3633    12680   3.09
1890-1899       94      0.29017  0.25346  0.50    3157     800    2758     9047   2.87
1890-1899       95      0.31283  0.27017  0.50    2357     637    2036     6289   2.67
1890-1899       96      0.34539  0.29440  0.50    1720     506    1466     4253   2.47
1890-1899       97      0.38238  0.32057  0.50    1214     389    1018     2787   2.30
1890-1899       98      0.41808  0.34560  0.50     825     285     682     1769   2.15
1890-1899       99      0.42953  0.35276  0.49     540     190     443     1087   2.01
1890-1899      100      0.49348  0.39424  0.49     349     138     279      644   1.84
1890-1899      101      0.54090  0.42391  0.49     212      90     166      365   1.73
1890-1899      102      0.59362  0.45534  0.49     122      56      94      199   1.64
1890-1899      103      0.59426  0.45447  0.48      66      30      51      106   1.59
1890-1899      104      0.66149  0.49458  0.49      36      18      27       55   1.52
1890-1899      105      0.62511  0.47533  0.50      18       9      14       28   1.53
1890-1899      106      0.57404  0.44192  0.48      10       4       7       14   1.46
1890-1899      107      0.84220  0.58739  0.48       5       3       4        7   1.24
1890-1899      108      1.00317  0.66541  0.49       2       1       1        3   1.32
1890-1899      109      0.19021  0.17316  0.48       1       0       1        1   1.97
1890-1899      110+     0.77701  1.00000  1.29       1       1       1        1   1.29
1900-1909        0      0.15598  0.14074  0.31  100000   14074   90229  5849956  58.50
1900-1909        1      0.03412  0.03351  0.47   85926    2880   84400  5759727  67.03
1900-1909        2      0.01207  0.01200  0.48   83046     996   82529  5675327  68.34
1900-1909        3      0.00713  0.00711  0.49   82050     583   81750  5592798  68.16
1900-1909        4      0.00502  0.00501  0.49   81467     408   81259  5511048  67.65
1900-1909        5      0.00381  0.00380  0.50   81059     308   80904  5429788  66.99
1900-1909        6      0.00303  0.00303  0.50   80750     245   80628  5348884  66.24
1900-1909        7      0.00248  0.00248  0.50   80506     199   80407  5268256  65.44
1900-1909        8      0.00224  0.00224  0.51   80306     180   80218  5187849  64.60
1900-1909        9      0.00207  0.00206  0.50   80127     165   80044  5107631  63.74
1900-1909       10      0.00210  0.00210  0.50   79961     168   79877  5027587  62.88
1900-1909       11      0.00195  0.00195  0.50   79794     156   79715  4947710  62.01
1900-1909       12      0.00192  0.00191  0.50   79638     152   79561  4867995  61.13
1900-1909       13      0.00208  0.00208  0.50   79485     165   79403  4788433  60.24
1900-1909       14      0.00232  0.00231  0.50   79320     184   79229  4709030  59.37
1900-1909       15      0.00262  0.00262  0.50   79137     207   79034  4629801  58.50
1900-1909       16      0.00299  0.00298  0.50   78930     235   78811  4550767  57.66
1900-1909       17      0.00315  0.00314  0.50   78694     247   78571  4471956  56.83
1900-1909       18      0.00307  0.00306  0.49   78447     240   78325  4393385  56.00
1900-1909       19      0.00285  0.00285  0.51   78207     223   78096  4315060  55.18
1900-1909       20      0.00283  0.00283  0.50   77984     221   77875  4236963  54.33
1900-1909       21      0.00272  0.00271  0.51   77763     211   77660  4159089  53.48
1900-1909       22      0.00268  0.00268  0.50   77552     207   77449  4081428  52.63
1900-1909       23      0.00258  0.00258  0.50   77345     199   77246  4003979  51.77
1900-1909       24      0.00247  0.00246  0.51   77146     190   77052  3926733  50.90
1900-1909       25      0.00243  0.00242  0.51   76956     186   76865  3849681  50.02
1900-1909       26      0.00232  0.00232  0.51   76769     178   76682  3772816  49.14
1900-1909       27      0.00234  0.00234  0.51   76592     179   76504  3696134  48.26
1900-1909       28      0.00226  0.00226  0.51   76412     172   76327  3619631  47.37
1900-1909       29      0.00221  0.00221  0.50   76240     168   76157  3543303  46.48
1900-1909       30      0.00230  0.00230  0.51   76072     175   75986  3467147  45.58
1900-1909       31      0.00227  0.00226  0.51   75897     172   75813  3391161  44.68
1900-1909       32      0.00242  0.00241  0.51   75725     183   75636  3315348  43.78
1900-1909       33      0.00251  0.00250  0.51   75542     189   75450  3239712  42.89
1900-1909       34      0.00277  0.00276  0.51   75353     208   75251  3164262  41.99
1900-1909       35      0.00316  0.00315  0.52   75145     237   75031  3089011  41.11
1900-1909       36      0.00347  0.00347  0.51   74908     260   74781  3013980  40.24
1900-1909       37      0.00351  0.00350  0.51   74648     262   74520  2939199  39.37
1900-1909       38      0.00344  0.00344  0.51   74387     256   74261  2864678  38.51
1900-1909       39      0.00368  0.00367  0.50   74131     272   73996  2790417  37.64
1900-1909       40      0.00363  0.00362  0.51   73859     267   73729  2716422  36.78
1900-1909       41      0.00362  0.00361  0.51   73592     266   73460  2642693  35.91
1900-1909       42      0.00369  0.00368  0.50   73326     270   73192  2569233  35.04
1900-1909       43      0.00372  0.00371  0.50   73056     271   72921  2496040  34.17
1900-1909       44      0.00368  0.00367  0.51   72785     267   72653  2423119  33.29
1900-1909       45      0.00350  0.00349  0.50   72518     253   72391  2350466  32.41
1900-1909       46      0.00351  0.00350  0.51   72265     253   72139  2278075  31.52
1900-1909       47      0.00368  0.00368  0.51   72012     265   71882  2205936  30.63
1900-1909       48      0.00403  0.00402  0.51   71747     288   71606  2134054  29.74
1900-1909       49      0.00436  0.00435  0.51   71459     311   71306  2062448  28.86
1900-1909       50      0.00479  0.00478  0.51   71147     340   70982  1991143  27.99
1900-1909       51      0.00528  0.00526  0.51   70807     373   70624  1920161  27.12
1900-1909       52      0.00570  0.00569  0.51   70434     401   70238  1849537  26.26
1900-1909       53      0.00628  0.00626  0.51   70034     439   69820  1779299  25.41
1900-1909       54      0.00687  0.00685  0.51   69595     476   69361  1709479  24.56
1900-1909       55      0.00755  0.00753  0.51   69119     520   68865  1640117  23.73
1900-1909       56      0.00840  0.00836  0.51   68599     574   68318  1571252  22.91
1900-1909       57      0.00931  0.00927  0.51   68025     630   67717  1502934  22.09
1900-1909       58      0.01039  0.01034  0.51   67395     697   67054  1435217  21.30
1900-1909       59      0.01147  0.01140  0.51   66698     761   66325  1368163  20.51
1900-1909       60      0.01259  0.01252  0.51   65937     825   65533  1301838  19.74
1900-1909       61      0.01399  0.01390  0.51   65112     905   64670  1236305  18.99
1900-1909       62      0.01561  0.01549  0.51   64207     995   63721  1171635  18.25
1900-1909       63      0.01715  0.01701  0.51   63212    1075   62684  1107914  17.53
1900-1909       64      0.01870  0.01853  0.51   62137    1152   61572  1045230  16.82
1900-1909       65      0.02054  0.02033  0.51   60986    1240   60377   983658  16.13
1900-1909       66      0.02255  0.02230  0.51   59746    1332   59092   923281  15.45
1900-1909       67      0.02480  0.02450  0.51   58413    1431   57711   864189  14.79
1900-1909       68      0.02716  0.02681  0.51   56982    1527   56231   806478  14.15
1900-1909       69      0.02926  0.02885  0.51   55455    1600   54665   750247  13.53
1900-1909       70      0.03159  0.03111  0.51   53855    1675   53031   695582  12.92
1900-1909       71      0.03436  0.03379  0.51   52180    1763   51310   642552  12.31
1900-1909       72      0.03758  0.03689  0.51   50417    1860   49498   591242  11.73
1900-1909       73      0.04056  0.03976  0.50   48556    1931   47600   541743  11.16
1900-1909       74      0.04420  0.04326  0.50   46626    2017   45627   494144  10.60
1900-1909       75      0.04809  0.04697  0.51   44609    2096   43573   448517  10.05
1900-1909       76      0.05258  0.05125  0.50   42514    2179   41432   404944   9.53
1900-1909       77      0.05706  0.05549  0.50   40335    2238   39222   363512   9.01
1900-1909       78      0.06191  0.06007  0.50   38097    2289   36964   324290   8.51
1900-1909       79      0.06759  0.06540  0.50   35808    2342   34646   287326   8.02
1900-1909       80      0.07415  0.07151  0.50   33467    2393   32274   252681   7.55
1900-1909       81      0.08145  0.07828  0.50   31073    2432   29864   220407   7.09
1900-1909       82      0.08937  0.08557  0.50   28641    2451   27421   190543   6.65
1900-1909       83      0.09827  0.09371  0.50   26190    2454   24974   163122   6.23
1900-1909       84      0.10931  0.10367  0.50   23736    2461   22512   138147   5.82
1900-1909       85      0.11991  0.11314  0.50   21275    2407   20075   115635   5.44
1900-1909       86      0.13266  0.12444  0.50   18868    2348   17699    95560   5.06
1900-1909       87      0.14792  0.13779  0.50   16520    2276   15388    77862   4.71
1900-1909       88      0.16357  0.15124  0.50   14244    2154   13171    62473   4.39
1900-1909       89      0.18187  0.16677  0.50   12090    2016   11086    49303   4.08
1900-1909       90      0.19919  0.18123  0.50   10073    1826    9165    38217   3.79
1900-1909       91      0.22253  0.20028  0.50    8248    1652    7423    29052   3.52
1900-1909       92      0.24572  0.21886  0.50    6596    1444    5875    21629   3.28
1900-1909       93      0.26773  0.23616  0.50    5152    1217    4545    15754   3.06
1900-1909       94      0.29574  0.25758  0.50    3935    1014    3428    11209   2.85
1900-1909       95      0.32199  0.27717  0.50    2922     810    2515     7782   2.66
1900-1909       96      0.35356  0.29997  0.49    2112     634    1792     5267   2.49
1900-1909       97      0.37240  0.31366  0.50    1478     464    1245     3475   2.35
1900-1909       98      0.41083  0.34042  0.50    1015     345     841     2229   2.20
1900-1909       99      0.42603  0.35064  0.50     669     235     551     1389   2.07
1900-1909      100      0.47219  0.38045  0.49     435     165     350      838   1.93
1900-1909      101      0.49846  0.39735  0.49     269     107     215      488   1.81
1900-1909      102      0.55665  0.43338  0.49     162      70     126      273   1.68
1900-1909      103      0.57347  0.44347  0.49      92      41      71      147   1.59
1900-1909      104      0.64758  0.48627  0.49      51      25      38       76   1.48
1900-1909      105      0.62726  0.47509  0.49      26      12      20       37   1.41
1900-1909      106      0.72140  0.52515  0.48      14       7      10       17   1.25
1900-1909      107      0.81562  0.57422  0.48       7       4       5        7   1.09
1900-1909      108      1.03041  0.66736  0.47       3       2       2        3   0.90
1900-1909      109      1.09320  0.69774  0.48       1       1       1        1   0.77
1900-1909      110+     2.27255  1.00000  0.44       0       0       0        0   0.44
1910-1919        0      0.11378  0.10545  0.31  100000   10545   92678  6305564  63.06
1910-1919        1      0.02796  0.02755  0.47   89455    2465   88155  6212886  69.45
1910-1919        2      0.01098  0.01092  0.48   86991     950   86500  6124731  70.41
1910-1919        3      0.00658  0.00656  0.49   86041     564   85752  6038230  70.18
1910-1919        4      0.00465  0.00464  0.49   85477     396   85275  5952478  69.64
1910-1919        5      0.00354  0.00353  0.49   85080     301   84927  5867203  68.96
1910-1919        6      0.00282  0.00282  0.49   84780     239   84658  5782276  68.20
1910-1919        7      0.00219  0.00219  0.49   84541     185   84447  5697618  67.39
1910-1919        8      0.00174  0.00174  0.49   84356     146   84281  5613171  66.54
1910-1919        9      0.00142  0.00142  0.51   84209     120   84151  5528890  65.66
1910-1919       10      0.00126  0.00126  0.51   84089     106   84037  5444739  64.75
1910-1919       11      0.00115  0.00115  0.50   83984      97   83936  5360702  63.83
1910-1919       12      0.00118  0.00118  0.51   83887      99   83839  5276767  62.90
1910-1919       13      0.00123  0.00123  0.51   83788     103   83738  5192928  61.98
1910-1919       14      0.00135  0.00135  0.51   83685     113   83630  5109190  61.05
1910-1919       15      0.00146  0.00146  0.52   83573     122   83514  5025559  60.13
1910-1919       16      0.00161  0.00161  0.51   83451     135   83385  4942045  59.22
1910-1919       17      0.00171  0.00171  0.51   83316     143   83246  4858659  58.32
1910-1919       18      0.00184  0.00184  0.51   83174     153   83098  4775413  57.41
1910-1919       19      0.00184  0.00184  0.50   83021     153   82945  4692315  56.52
1910-1919       20      0.00189  0.00188  0.51   82868     156   82792  4609370  55.62
1910-1919       21      0.00205  0.00205  0.51   82712     169   82629  4526578  54.73
1910-1919       22      0.00200  0.00200  0.51   82543     165   82462  4443950  53.84
1910-1919       23      0.00210  0.00210  0.51   82378     173   82293  4361488  52.94
1910-1919       24      0.00231  0.00231  0.50   82205     190   82111  4279194  52.06
1910-1919       25      0.00279  0.00279  0.52   82015     228   81905  4197084  51.17
1910-1919       26      0.00299  0.00299  0.51   81787     244   81667  4115179  50.32
1910-1919       27      0.00294  0.00294  0.50   81543     240   81423  4033512  49.47
1910-1919       28      0.00287  0.00287  0.50   81303     233   81187  3952088  48.61
1910-1919       29      0.00283  0.00283  0.51   81070     229   80957  3870901  47.75
1910-1919       30      0.00279  0.00279  0.50   80841     225   80728  3789945  46.88
1910-1919       31      0.00258  0.00258  0.51   80615     208   80513  3709216  46.01
1910-1919       32      0.00242  0.00242  0.50   80407     195   80310  3628704  45.13
1910-1919       33      0.00235  0.00235  0.50   80213     188   80119  3548393  44.24
1910-1919       34      0.00221  0.00221  0.50   80024     177   79936  3468275  43.34
1910-1919       35      0.00176  0.00176  0.48   79848     141   79775  3388339  42.44
1910-1919       36      0.00158  0.00158  0.50   79707     126   79645  3308565  41.51
1910-1919       37      0.00159  0.00159  0.50   79581     126   79518  3228920  40.57
1910-1919       38      0.00167  0.00167  0.51   79455     133   79390  3149402  39.64
1910-1919       39      0.00177  0.00177  0.51   79322     140   79253  3070012  38.70
1910-1919       40      0.00185  0.00185  0.50   79182     147   79109  2990759  37.77
1910-1919       41      0.00194  0.00194  0.51   79035     153   78960  2911650  36.84
1910-1919       42      0.00214  0.00214  0.51   78882     169   78800  2832691  35.91
1910-1919       43      0.00235  0.00234  0.51   78713     185   78622  2753891  34.99
1910-1919       44      0.00253  0.00253  0.51   78528     199   78431  2675269  34.07
1910-1919       45      0.00280  0.00280  0.51   78330     219   78222  2596838  33.15
1910-1919       46      0.00311  0.00310  0.51   78110     242   77992  2518616  32.24
1910-1919       47      0.00345  0.00345  0.51   77868     268   77737  2440624  31.34
1910-1919       48      0.00386  0.00385  0.51   77600     299   77454  2362887  30.45
1910-1919       49      0.00425  0.00424  0.51   77301     328   77139  2285434  29.57
1910-1919       50      0.00467  0.00466  0.51   76973     359   76797  2208295  28.69
1910-1919       51      0.00523  0.00521  0.51   76614     399   76419  2131497  27.82
1910-1919       52      0.00584  0.00583  0.51   76215     444   75997  2055079  26.96
1910-1919       53      0.00652  0.00650  0.51   75771     493   75529  1979081  26.12
1910-1919       54      0.00719  0.00717  0.51   75278     540   75013  1903552  25.29
1910-1919       55      0.00786  0.00783  0.51   74738     585   74451  1828539  24.47
1910-1919       56      0.00859  0.00856  0.51   74153     635   73841  1754088  23.65
1910-1919       57      0.00933  0.00929  0.51   73519     683   73182  1680247  22.85
1910-1919       58      0.01007  0.01002  0.51   72836     730   72476  1607065  22.06
1910-1919       59      0.01098  0.01093  0.51   72106     788   71719  1534588  21.28
1910-1919       60      0.01212  0.01205  0.51   71318     859   70896  1462869  20.51
1910-1919       61      0.01305  0.01297  0.51   70459     914   70007  1391973  19.76
1910-1919       62      0.01410  0.01400  0.51   69545     974   69067  1321966  19.01
1910-1919       63      0.01555  0.01543  0.51   68571    1058   68049  1252899  18.27
1910-1919       64      0.01667  0.01653  0.51   67513    1116   66961  1184850  17.55
1910-1919       65      0.01834  0.01818  0.51   66397    1207   65800  1117889  16.84
1910-1919       66      0.01984  0.01964  0.50   65190    1281   64554  1052090  16.14
1910-1919       67      0.02191  0.02167  0.50   63909    1385   63222   987536  15.45
1910-1919       68      0.02375  0.02347  0.50   62524    1468   61796   924314  14.78
1910-1919       69      0.02531  0.02500  0.50   61057    1526   60298   862518  14.13
1910-1919       70      0.02779  0.02741  0.50   59530    1632   58719   802221  13.48
1910-1919       71      0.03033  0.02988  0.50   57899    1730   57039   743502  12.84
1910-1919       72      0.03311  0.03257  0.50   56169    1829   55257   686463  12.22
1910-1919       73      0.03624  0.03560  0.50   54339    1935   53375   631206  11.62
1910-1919       74      0.03953  0.03877  0.50   52405    2032   51391   577832  11.03
1910-1919       75      0.04343  0.04251  0.50   50373    2141   49306   526441  10.45
1910-1919       76      0.04767  0.04656  0.50   48232    2246   47111   477135   9.89
1910-1919       77      0.05236  0.05103  0.50   45986    2347   44823   430023   9.35
1910-1919       78      0.05706  0.05548  0.50   43639    2421   42434   385200   8.83
1910-1919       79      0.06333  0.06140  0.50   41218    2531   39959   342767   8.32
1910-1919       80      0.06932  0.06701  0.50   38688    2593   37399   302807   7.83
1910-1919       81      0.07740  0.07453  0.50   36095    2690   34758   265408   7.35
1910-1919       82      0.08496  0.08152  0.50   33405    2723   32050   230650   6.90
1910-1919       83      0.09491  0.09062  0.50   30682    2780   29296   198600   6.47
1910-1919       84      0.10451  0.09934  0.50   27901    2772   26520   169304   6.07
1910-1919       85      0.11399  0.10785  0.50   25130    2710   23774   142784   5.68
1910-1919       86      0.12654  0.11901  0.50   22420    2668   21087   119010   5.31
1910-1919       87      0.14012  0.13092  0.50   19751    2586   18455    97923   4.96
1910-1919       88      0.15403  0.14299  0.50   17165    2455   15936    79468   4.63
1910-1919       89      0.16991  0.15655  0.50   14711    2303   13554    63533   4.32
1910-1919       90      0.18743  0.17124  0.50   12408    2125   11336    49979   4.03
1910-1919       91      0.20514  0.18591  0.50   10283    1912    9319    38642   3.76
1910-1919       92      0.22295  0.20043  0.50    8372    1678    7526    29323   3.50
1910-1919       93      0.24586  0.21876  0.50    6694    1464    5956    21797   3.26
1910-1919       94      0.26774  0.23596  0.50    5229    1234    4609    15842   3.03
1910-1919       95      0.29549  0.25704  0.49    3995    1027    3476    11233   2.81
1910-1919       96      0.31978  0.27524  0.49    2968     817    2555     7757   2.61
1910-1919       97      0.35015  0.29748  0.49    2151     640    1828     5202   2.42
1910-1919       98      0.38824  0.32444  0.49    1511     490    1263     3375   2.23
1910-1919       99      0.41500  0.34308  0.49    1021     350     844     2112   2.07
1910-1919      100      0.47430  0.38151  0.49     671     256     540     1267   1.89
1910-1919      101      0.52021  0.41010  0.48     415     170     327      728   1.75
1910-1919      102      0.57042  0.44001  0.48     245     108     189      401   1.64
1910-1919      103      0.58540  0.44929  0.48     137      62     105      212   1.55
1910-1919      104      0.66754  0.49516  0.48      75      37      56      107   1.42
1910-1919      105      0.66033  0.49105  0.48      38      19      28       51   1.34
1910-1919      106      0.78701  0.55647  0.47      19      11      14       23   1.17
1910-1919      107      0.86933  0.59425  0.47       9       5       6        9   1.04
1910-1919      108      1.04920  0.66767  0.46       3       2       2        3   0.87
1910-1919      109      1.23980  0.75053  0.47       1       1       1        1   0.71
1910-1919      110+     2.34115  1.00000  0.43       0       0       0        0   0.43
1920-1925        0      0.07626  0.07241  0.30  100000    7241   94945  6803062  68.03
1920-1925        1      0.01541  0.01529  0.48   92759    1418   92028  6708117  72.32
1920-1925        2      0.00584  0.00582  0.50   91341     532   91074  6616089  72.43
1920-1925        3      0.00371  0.00370  0.50   90809     336   90641  6525015  71.85
1920-1925        4      0.00294  0.00294  0.51   90473     266   90342  6434373  71.12
1920-1925        5      0.00229  0.00229  0.50   90207     207   90104  6344032  70.33
1920-1925        6      0.00193  0.00193  0.51   90001     174   89915  6253927  69.49
1920-1925        7      0.00162  0.00162  0.50   89827     146   89754  6164012  68.62
1920-1925        8      0.00129  0.00128  0.50   89682     115   89624  6074258  67.73
1920-1925        9      0.00112  0.00112  0.49   89566     100   89516  5984634  66.82
1920-1925       10      0.00096  0.00096  0.50   89466      86   89423  5895119  65.89
1920-1925       11      0.00091  0.00091  0.51   89380      82   89340  5805696  64.96
1920-1925       12      0.00087  0.00087  0.50   89298      78   89260  5716356  64.01
1920-1925       13      0.00085  0.00085  0.50   89221      76   89183  5627096  63.07
1920-1925       14      0.00105  0.00105  0.52   89145      93   89100  5537913  62.12
1920-1925       15      0.00120  0.00120  0.51   89052     106   89000  5448813  61.19
1920-1925       16      0.00128  0.00128  0.51   88945     114   88890  5359813  60.26
1920-1925       17      0.00155  0.00155  0.52   88831     138   88765  5270923  59.34
1920-1925       18      0.00205  0.00205  0.52   88694     182   88607  5182158  58.43
1920-1925       19      0.00333  0.00332  0.53   88512     294   88373  5093552  57.55
1920-1925       20      0.00430  0.00430  0.50   88218     379   88030  5005178  56.74
1920-1925       21      0.00442  0.00441  0.50   87839     387   87646  4917148  55.98
1920-1925       22      0.00413  0.00412  0.50   87452     361   87271  4829502  55.22
1920-1925       23      0.00370  0.00369  0.51   87091     322   86932  4742231  54.45
1920-1925       24      0.00310  0.00309  0.49   86769     268   86633  4655299  53.65
1920-1925       25      0.00188  0.00188  0.46   86501     162   86413  4568667  52.82
1920-1925       26      0.00124  0.00124  0.50   86339     107   86285  4482253  51.91
1920-1925       27      0.00112  0.00112  0.50   86231      96   86183  4395969  50.98
1920-1925       28      0.00107  0.00107  0.51   86135      92   86090  4309786  50.04
1920-1925       29      0.00105  0.00105  0.50   86043      91   85998  4223696  49.09
1920-1925       30      0.00103  0.00103  0.50   85953      89   85909  4137697  48.14
1920-1925       31      0.00104  0.00104  0.51   85864      89   85820  4051789  47.19
1920-1925       32      0.00107  0.00107  0.51   85775      92   85730  3965969  46.24
1920-1925       33      0.00109  0.00109  0.50   85683      93   85637  3880239  45.29
1920-1925       34      0.00110  0.00110  0.51   85590      94   85543  3794603  44.33
1920-1925       35      0.00114  0.00114  0.51   85495      97   85448  3709059  43.38
1920-1925       36      0.00122  0.00122  0.51   85398     104   85347  3623612  42.43
1920-1925       37      0.00130  0.00130  0.51   85294     111   85239  3538265  41.48
1920-1925       38      0.00138  0.00138  0.51   85183     117   85125  3453026  40.54
1920-1925       39      0.00155  0.00154  0.52   85065     131   85002  3367900  39.59
1920-1925       40      0.00173  0.00173  0.51   84934     147   84862  3282899  38.65
1920-1925       41      0.00187  0.00187  0.51   84787     159   84709  3198036  37.72
1920-1925       42      0.00206  0.00205  0.51   84628     174   84544  3113327  36.79
1920-1925       43      0.00232  0.00232  0.51   84455     196   84360  3028783  35.86
1920-1925       44      0.00260  0.00260  0.51   84259     219   84152  2944424  34.95
1920-1925       45      0.00285  0.00284  0.51   84040     239   83923  2860272  34.03
1920-1925       46      0.00317  0.00316  0.51   83801     265   83672  2776349  33.13
1920-1925       47      0.00353  0.00352  0.51   83536     294   83392  2692676  32.23
1920-1925       48      0.00392  0.00391  0.51   83242     326   83083  2609284  31.35
1920-1925       49      0.00431  0.00430  0.51   82916     357   82741  2526201  30.47
1920-1925       50      0.00467  0.00466  0.51   82559     385   82371  2443459  29.60
1920-1925       51      0.00515  0.00514  0.51   82174     422   81969  2361088  28.73
1920-1925       52      0.00564  0.00562  0.51   81752     460   81527  2279120  27.88
1920-1925       53      0.00601  0.00599  0.51   81292     487   81053  2197593  27.03
1920-1925       54      0.00652  0.00650  0.51   80805     525   80549  2116540  26.19
1920-1925       55      0.00692  0.00690  0.50   80280     554   80005  2035991  25.36
1920-1925       56      0.00752  0.00749  0.51   79726     597   79433  1955986  24.53
1920-1925       57      0.00843  0.00839  0.51   79129     664   78802  1876553  23.72
1920-1925       58      0.00902  0.00898  0.50   78465     705   78114  1797750  22.91
1920-1925       59      0.00974  0.00969  0.50   77760     754   77385  1719637  22.11
1920-1925       60      0.01088  0.01082  0.50   77006     833   76589  1642252  21.33
1920-1925       61      0.01182  0.01175  0.50   76173     895   75726  1565663  20.55
1920-1925       62      0.01279  0.01271  0.50   75278     957   74800  1489936  19.79
1920-1925       63      0.01410  0.01400  0.50   74321    1041   73804  1415136  19.04
1920-1925       64      0.01525  0.01514  0.50   73280    1109   72727  1341333  18.30
1920-1925       65      0.01676  0.01662  0.50   72171    1200   71576  1268605  17.58
1920-1925       66      0.01815  0.01799  0.50   70971    1277   70334  1197030  16.87
1920-1925       67      0.01959  0.01940  0.50   69695    1352   69021  1126695  16.17
1920-1925       68      0.02146  0.02123  0.50   68343    1451   67618  1057674  15.48
1920-1925       69      0.02364  0.02336  0.50   66892    1563   66112   990056  14.80
1920-1925       70      0.02571  0.02539  0.50   65329    1659   64506   923944  14.14
1920-1925       71      0.02826  0.02787  0.50   63671    1775   62786   859439  13.50
1920-1925       72      0.03060  0.03015  0.50   61896    1866   60967   796653  12.87
1920-1925       73      0.03356  0.03300  0.50   60030    1981   59042   735685  12.26
1920-1925       74      0.03689  0.03622  0.50   58049    2103   57000   676644  11.66
1920-1925       75      0.04032  0.03953  0.50   55946    2212   54848   619644  11.08
1920-1925       76      0.04343  0.04251  0.50   53735    2284   52597   564796  10.51
1920-1925       77      0.04802  0.04689  0.50   51450    2413   50249   512199   9.96
1920-1925       78      0.05327  0.05189  0.50   49038    2545   47769   461950   9.42
1920-1925       79      0.05753  0.05593  0.50   46493    2600   45195   414180   8.91
1920-1925       80      0.06340  0.06145  0.50   43893    2697   42545   368985   8.41
1920-1925       81      0.06891  0.06662  0.50   41195    2744   39823   326440   7.92
1920-1925       82      0.07513  0.07241  0.50   38451    2784   37059   286617   7.45
1920-1925       83      0.08196  0.07873  0.50   35667    2808   34263   249558   7.00
1920-1925       84      0.08909  0.08529  0.50   32859    2803   31458   215295   6.55
1920-1925       85      0.09746  0.09292  0.50   30056    2793   28657   183837   6.12
1920-1925       86      0.10885  0.10322  0.50   27264    2814   25855   155180   5.69
1920-1925       87      0.12040  0.11357  0.50   24449    2777   23061   129326   5.29
1920-1925       88      0.13366  0.12528  0.50   21673    2715   20313   106265   4.90
1920-1925       89      0.14797  0.13779  0.50   18958    2612   17653    85951   4.53
1920-1925       90      0.16906  0.15585  0.50   16345    2547   15068    68298   4.18
1920-1925       91      0.19161  0.17483  0.50   13798    2412   12590    53230   3.86
1920-1925       92      0.21318  0.19262  0.50   11386    2193   10288    40640   3.57
1920-1925       93      0.23553  0.21064  0.50    9193    1936    8221    30353   3.30
1920-1925       94      0.26178  0.23146  0.50    7256    1680    6416    22132   3.05
1920-1925       95      0.29306  0.25532  0.50    5577    1424    4859    15716   2.82
1920-1925       96      0.31557  0.27214  0.49    4153    1130    3581    10857   2.61
1920-1925       97      0.35570  0.30146  0.49    3023     911    2562     7276   2.41
1920-1925       98      0.38787  0.32427  0.49    2111     685    1765     4714   2.23
1920-1925       99      0.41511  0.34312  0.49    1427     490    1179     2949   2.07
1920-1925      100      0.47632  0.38304  0.49     937     359     754     1769   1.89
1920-1925      101      0.52021  0.41010  0.48     578     237     456     1016   1.76
1920-1925      102      0.57356  0.44202  0.48     341     151     263      560   1.64
1920-1925      103      0.57641  0.44427  0.48     190      85     147      297   1.56
1920-1925      104      0.66722  0.49546  0.48     106      52      79      150   1.42
1920-1925      105      0.65598  0.48945  0.48      53      26      40       72   1.34
1920-1925      106      0.78701  0.55647  0.47      27      15      19       32   1.17
1920-1925      107      0.86933  0.59425  0.47      12       7       8       13   1.04
1920-1925      108      1.04920  0.66767  0.46       5       3       3        4   0.87
1920-1925      109      1.23980  0.75053  0.47       2       1       1        1   0.71
1920-1925      110+     2.34115  1.00000  0.43       0       0       0        0   0.43